130 130
1 -0.000142653 3.17213e-06 9.67761e-07 2.06717e-07 1.47134e-07 -1.25934e-05 -4.18657e-05 -1.2303e-06 -7.54326e-09 -4.20342e-09 0 0 0 -1.05402e-09 -5.13202e-12 -6.47378e-08 -0.00421819 0 -4.01435e-09 0 0 0 0 0 0.7812 0 0 0 0 1.03676 0 0 0 0 1.38915 0 0 0 0 1.18844 0 0 0 0 0.962069 0 0 0 0 0.668505 0 0 0 0 0.40627 0 0 0 0 0.191204 0 0 0 0 0.0972206 0 0 0 0 0.116831 0 0 0 0 0 0 0 0 0 0 0 0 0 0 0 0 0 0 0 0 0 0 0 0 0 0 0 0 0 0 0 0 0 0 0 0 0 0 0 0 0 0 0 0 0 0 0 0 0 0 0 0 0 0 0 0 0 0 0
-6.31029e-07 1.00015 -0.000428884 -1.24529e-06 -3.46404e-07 -1.26628e-07 -0.000163457 -1.59002e-07 -1.23894e-12 -7.54326e-07 -4.20342e-09 0 0 0 -4.27748e-09 -2.0827e-11 -4.63661e-07 -0.000307043 0 -9.6173e-11 0 0 0 0 0 -0.720168 -0.0830881 0 0 0 -1.19876 -0.162961 0 0 0 -1.33127 -0.216264 0 0 0 -1.21673 -0.230306 0 0 0 -0.930236 -0.20774 0 0 0 -0.612796 -0.162573 0 0 0 -0.361834 -0.111914 0 0 0 -0.185229 -0.0683113 0 0 0 -0.0850681 -0.0370897 0 0 0 -0.0292076 -0.0180265 0 0 0 -0.0115763 -0.00747763 0 0 0 0 -0.00434723 0 0 0 0 0 0 0 0 0 0 0 0 0 0 0 0 0 0 0 0 0 0 0 0 0 0 0 0 0 0 0 0 0 0 0 0 0 0 0 0 0 0 0 0 0 0 0 0
2.09667e-07 -5.61361e-06 1.05034 -0.0753684 8.87101e-07 4.00821e-07 -0.000315772 -1.5896e-07 -2.03732e-18 -1.50865e-06 -4.20342e-09 0 0 0 -1.08828e-09 -5.29883e-12 -5.36574e-07 -0.00204841 0 1.79096e-10 0 0 0 0 0 0 0.0830495 0.0239369 0 0 0 0.162961 0.0139964 0 0 0 0.216264 -0.0182402 0 0 0 0.230306 -0.0530172 0 0 0 0.20774 -0.0741984 0 0 0 0.162573 -0.0763679 0 0 0 0.111906 -0.0638895 0 0 0 0.0684081 -0.0453119 0 0 0 0.0368473 -0.0278839 0 0 0 0.0233857 -0.0183612 0 0 0 0 0 0 0 0 0 0 0 0 0 0 0 0 0 0 0 0 0 0 0 0 0 0 0 0 0 0 0 0 0 0 0 0 0 0 0 0 0 0 0 0 0 0 0 0 0 0 0 0 0 0 0 0 0
6.421e-08 4.75331e-07 -0.0499177 1.07537 -0.00100485 1.81395e-06 -0.000523881 -1.5896e-07 0 -2.53927e-06 -4.20342e-09 0 0 0 4.06779e-09 1.9806e-11 7.72345e-07 0.000848761 0 -6.72983e-10 0 0 0 0 0 0 0 -0.0238651 0.136658 0 0 0 -0.0139964 0.218948 0 0 0 0.0182402 0.233423 0 0 0 0.0530172 0.203522 0 0 0 0.0741984 0.15693 0 0 0 0.0763679 0.0887136 0 0 0 0.0638895 0.0538999 0 0 0 0.0453119 0.0231977 0 0 0 0.0278839 0 0 0 0 0.0183612 0.023814 0 0 0 0 0 0 0 0 0 0 0 0 0 0 0 0 0 0 0 0 0 0 0 0 0 0 0 0 0 0 0 0 0 0 0 0 0 0 0 0 0 0 0 0 0 0 0 0 0 0 0 0 0 0 0 0
3.95641e-09 -5.72528e-09 -9.39362e-08 -5.1094e-06 1.00101 -0.00104175 -0.000113867 -1.5896e-07 0 -5.08732e-07 -4.20342e-09 0 0 0 1.69444e-09 8.25018e-12 2.27179e-07 -0.00015244 0 -5.82546e-11 0 0 0 0 0 0 0 0 -0.128117 0.0449037 0 0 0 -0.205263 0.0738608 0 0 0 -0.227587 0.0826973 0 0 0 -0.20013 0.0749193 0 0 0 -0.148631 0.0578207 0 0 0 -0.0942582 0.0397058 0 0 0 -0.0518787 0.0230579 0 0 0 -0.0246476 0.0114346 0 0 0 -0.0101891 0.00498403 0 0 0 -0.00446512 0 0 0 0 -0.0029784 0 0 0 0 0 0 0 0 0 0.0189957 0 0 0 0 0 0 0 0 0 0 0 0 0 0 0 0 0 0 0 0 0 0 0 0 0 0 0 0 0 0 0 0 0 0 0 0 0 0 0 0 0
6.19435e-10 -1.77376e-08 -2.99542e-08 -1.16327e-07 -3.228e-06 1.00104 -2.63737e-05 -1.5896e-07 0 -7.54326e-08 -4.20342e-09 0 0 0 6.5756e-10 3.20165e-12 6.54493e-08 -4.57016e-05 0 -4.06593e-12 0 0 0 0 0 0 0 0 0 -0.0447634 0 0 0 0 -0.0740706 0 0 0 0 -0.0834993 0 0 0 0 -0.0757129 0 0 0 0 -0.0581895 0 0 0 0 -0.0387569 0 0 0 0 -0.0226576 0 0 0 0 -0.0115367 0 0 0 0 -0.00513978 0 0 0 0 -0.00197719 0 0 0 0 0 0 0 0 0 -0.00140839 0 0 0 0 0.0037198 0 0 0 0 0 0 0 0 0 0 0 0 0 0 0 0 0 0 0 0 0 0 0 0 0 0 0 0 0 0 0 0 0 0 0 0 0 0 0 0
5.6379e-08 5.6379e-08 5.6379e-08 5.6379e-08 5.63789e-08 5.63709e-08 1.00116 -4.0753e-05 -1.2303e-06 5.39396e-06 2.52205e-08 2.47725e-11 2.18493e-11 0 0 0 0 -0.00242886 0 -3.36647e-09 0 0 0 0 0 0 0 0 0 0 0 0 0 0 0 0 0 0 0 0 0 0 0 0 0 0 0 0 0 0 0 0 0 0 0 0 0 0 0 0 0 0 0 0 0 0 0 0 0 0 0 0 0 0 0 0 0 0 0 0 0 0 0 0 0 0 0 0 0 0 0 0 0 0 0 0 0 0 0 0 0 0 0 0 0 0 0 0 0 0 0 0 0 0 0 0 0 0 0 0 0 0 0 0 0 0 0 0 0 0
-5.6379e-08 -5.6379e-08 -5.6379e-08 -5.6379e-08 -5.63789e-08 -5.63709e-08 -0.00102241 1.00005 1.2303e-06 -5.39396e-06 2.52205e-08 0 0 1.34533e-07 0 0 0 0.00407312 0 3.13539e-09 0 0 0 0 0 0 0 0 0 0 0 0 0 0 0 0 0 0 0 0 0 0 0 0 0 0 0 0 0 0 0 0 0 0 0 0 0 0 0 0 0 0 0 0 0 0 0 0 0 0 0 0 0 0 0 0 0 0 0 0 0 0 0 0 0 0 0 0 0 0 0 0 0 0 0 0 0 0 0 0 0 0 0 0 0 0 0 0 0 0 0 0 0 0 0 0 0 0 0 0 0 0 0 0 0 0 0 0 0 0
-5.6379e-08 -5.6379e-08 -5.6379e-08 -5.6379e-08 -5.63789e-08 -5.6379e-08 -1.46354e-07 4.17067e-05 1 0 0 -1.23863e-11 -1.09247e-11 0 0 0 0 0.00417594 0 4.0166e-09 0 0 0 0 0 0 0 0 0 0 0 0 0 0 0 0 0 0 0 0 0 0 0 0 0 0 0 0 0 0 0 0 0 0 0 0 0 0 0 0 0 0 0 0 0 0 0 0 0 0 0 0 0 0 0 0 0 0 0 0 0 0 0 0 0 0 0 0 0 0 0 0 0 0 0 0 0 0 0 0 0 0 0 0 0 0 0 0 0 0 0 0 0 0 0 0 0 0 0 0 0 0 0 0 0 0 0 0 0 0
0 0 0 0 0 -8.08598e-12 0.00108918 -6.30801e-06 0 1.00001 0 0 0 -6.72665e-08 0 0 0 0.000924955 0 7.65673e-10 0 0 0 0 0 0 0 0 0 0 0 0 0 0 0 0 0 0 0 0 0 0 0 0 0 0 0 0 0 0 0 0 0 0 0 0 0 0 0 0 0 0 0 0 0 0 0 0 0 0 0 0 0 0 0 0 0 0 0 0 0 0 0 0 0 0 0 0 0 0 0 0 0 0 0 0 0 0 0 0 0 0 0 0 0 0 0 0 0 0 0 0 0 0 0 0 0 0 0 0 0 0 0 0 0 0 0 0 0 0
0 8.51694e-15 -1.144e-15 2.726e-15 0 -4.54269e-14 6.69125e-05 7.26177e-06 0 0 1 1.23863e-11 1.09247e-11 6.72665e-08 0 0 0 0.000822131 0 -1.15544e-10 0 0 0 0 0 0 0 7.18827e-05 0 0 -0.172794 0 0 0.0182456 0 0 0 0 0 0 0 0 0 0 0 0 0 0 0 0 0.111418 0 0 0 -0.0186851 0 0 0 0 0 0 0 0 0 0 0 0 0 0 0 0 0 0 0 0 0 0 0 0 0 0 0 0 0 0 0 0 0 0 0 0 0 0 0 0 0 0 0 0 0 0 0 0 0 0 0 0 0 0 0 0 0 0 0 0 0 0 0 0 0 0 0 0 0 0 0 0 0 0 0
1.12758e-06 1.12758e-06 1.12758e-06 1.12758e-06 1.12758e-06 1.12743e-06 0.0220356 -0.000808752 -2.4606e-05 0.000102485 5.0441e-07 1 4.36987e-10 6.72665e-08 0 0 0 -0.0495021 0 -6.80951e-08 0 0 0 0 0 0 0 0 0 0 0 0 0 0 0 0 0 0 0 0 0 0 0 0 0 0 0 0 0 0 0 0 0 0 0 0 0 0 0 0 0 0 0 0 0 0 0 0 0 0 0 0 0 0 0 0 0 0 0 0 0 0 0 0 0 0 0 0 0 0 0 0 0 0 0 0 0 0 0 0 0 0 0 0 0 0 0 0 0 0 0 0 0 0 0 0 0 0 0 0 0 0 0 0 0 0 0 0 0 0
-5.6379e-08 -5.6379e-08 -5.6379e-08 -5.6379e-08 -5.63789e-08 -5.6379e-08 -1.46354e-07 4.17067e-05 1.2303e-06 0 0 -1.23863e-11 1 0 0 0 0 0.00417594 0 4.0166e-09 0 0 0 0 0 0 0 0 0 0 0 0 0 0 0 0 0 0 0 0 0 0 0 0 0 0 0 0 0 0 0 0 0 0 0 0 0 0 0 0 0 0 0 0 0 0 0 0 0 0 0 0 0 0 0 0 0 0 0 0 0 0 0 0 0 0 0 0 0 0 0 0 0 0 0 0 0 0 0 0 0 0 0 0 0 0 0 0 0 0 0 0 0 0 0 0 0 0 0 0 0 0 0 0 0 0 0 0 0 0
-5.07411e-07 -5.07411e-07 -5.07411e-07 -5.07411e-07 -5.07411e-07 -5.07338e-07 -0.0091348 0.000504751 1.10727e-05 -4.85457e-05 2.52205e-07 1.23863e-11 1.09247e-11 1 0 0 0 0.0374802 0 2.81029e-08 0 0 0 0 0 0 0 0 0 0 0 0 0 0 0 0 0 0 0 0 0 0 0 0 0 0 0 0 0 0 0 0 0 0 0 0 0 0 0 0 0 0 0 0 0 0 0 0 0 0 0 0 0 0 0 0 0 0 0 0 0 0 0 0 0 0 0 0 0 0 0 0 0 0 0 0 0 0 0 0 0 0 0 0 0 0 0 0 0 0 0 0 0 0 0 0 0 0 0 0 0 0 0 0 0 0 0 0 0 0
6.08893e-07 6.08893e-07 6.08893e-07 6.08893e-07 6.08892e-07 6.0878e-07 0.0158523 -0.000473389 -1.32872e-05 7.55155e-05 2.26985e-07 2.45248e-10 2.16309e-10 -3.36333e-07 1 0 0 -0.0247516 0 -3.36998e-08 0 0 0 0 0 0 0 0 0 0 0 0 0 0 0 0 0 0 0 0 0 0 0 0 0 0 0 0 0 0 0 0 0 0 0 0 0 0 0 0 0 0 0 0 0 0 0 0 0 0 0 0 0 0 0 0 0 0 0 0 0 0 0 0 0 0 0 0 0 0 0 0 0 0 0 0 0 0 0 0 0 0 0 0 0 0 0 0 0 0 0 0 0 0 0 0 0 0 0 0 0 0 0 0 0 0 0 0 0 0
0 0 0 0 0 0 0 0 0 0 0 0 0 0 0 1 0 0 0 0 0 0 0 0 0 0 0 0 0 0 0 0 0 0 0 0 0 0 0 0 0 0 0 0 0 0 0 0 0 0 0 0 0 0 0 0 0 0 0 0 0 0 0 0 0 0 0 0 0 0 0 0 0 0 0 0 0 0 0 0 0 0 0 0 0 0 0 0 0 0 0 0 0 0 0 0 0 0 0 0 0 0 0 0 0 0 0 0 0 0 0 0 0 0 0 0 0 0 0 0 0 0 0 0 0 0 0 0 0 0
-5.6379e-08 -5.6379e-08 -5.6379e-08 -5.6379e-08 -5.63789e-08 -5.63709e-08 -0.00102241 5.52765e-05 1.2303e-06 -5.39396e-06 2.52205e-08 0 0 1.34533e-07 0 0 1 0.00407312 0 3.13539e-09 0 0 0 0 0 0 0 0 0 0 0 0 0 0 0 0 0 0 0 0 0 0 0 0 0 0 0 0 0 0 0 0 0 0 0 0 0 0 0 0 0 0 0 0 0 0 0 0 0 0 0 0 0 0 0 0 0 0 0 0 0 0 0 0 0 0 0 0 0 0 0 0 0 0 0 0 0 0 0 0 0 0 0 0 0 0 0 0 0 0 0 0 0 0 0 0 0 0 0 0 0 0 0 0 0 0 0 0 0 0
-2.04393e-09 1.43774e-07 -1.14481e-06 3.24268e-06 9.14862e-07 9.09531e-07 4.04581e-06 4.60627e-08 -2.20048e-09 1.42088e-08 2.5545e-10 1.57467e-13 1.38886e-13 4.66853e-10 1.52186e-11 7.40995e-14 1.93124e-09 1.00002 2.86321e-11 -1.77142e-13 0 0 0 0 0 0 0 0 0 0 0 0 -2.00702e-07 0 0 0 0 0 0 0 0 6.81792e-06 0 0 0 0 0 0 0 0 0 0 0 0 0 0 0 3.41025e-06 0 0 0 0 2.78937e-06 0 0 0 0 2.17843e-06 0 0 0 0 0 0 0 0 0 0 0 0 0 0 0 0 0 0 0 0 0 0 0 0 0 0 0 0 0 0 0 0 0 0 0 0 0 0 0 0 0 0 0 0 0 0 0 0 0 0 0 0 0 0 0 0 0 0 0 0 0 0
0 0 0 0 0 0 6.69125e-05 7.26177e-06 0 0 2.52205e-08 1.23863e-11 1.09247e-11 6.72665e-08 0 0 0 0.000822131 1 -1.15544e-10 0 0 0 0 0 0 0 0 0 0 0 0 0 0 0 0 0 0 0 0 0 0 0 0 0 0 0 0 0 0 0 0 0 0 0 0 0 0 0 0 0 0 0 0 0 0 0 0 0 0 0 0 0 0 0 0 0 0 0 0 0 0 0 0 0 0 0 0 0 0 0 0 0 0 0 0 0 0 0 0 0 0 0 0 0 0 0 0 0 0 0 0 0 0 0 0 0 0 0 0 0 0 0 0 0 0 0 0 0 0
0.0187834 -1.32126 10.5206 -29.7996 -8.40741 -8.35842 -37.3426 -0.440931 0.020222 -0.130576 -0.00240875 -1.47715e-06 -1.30285e-06 -0.00445353 -0.000139857 -6.8096e-07 -0.0177478 -101.449 0 0.999994 0 0 0 0 0 0 -5.77173 0 0 0 0 -21.1696 1.84408 0 0 0 -43.2607 -3.64635 0 0 0 -62.6554 -14.3108 0 0 0 -71.8441 -25.3546 0 0 0 -68.5102 -31.7106 0 0 0 -55.4209 -31.3394 0 0 0 -29.0175 -25.5022 0 0 0 0 -18.274 0 0 0 0 0 0 0 0 0 0 0 0 0 0 0 0 0 0 0 0 0 0 0 0 0 0 0 0 0 0 0 0 0 0 0 0 0 0 0 0 0 0 0 0 0 0 0 0 0 0 0 0 0 0 0 0 0 0 0 0 0 0
0 0 0 0 0 0 0 0 0 0 0 0 0 0 0 0 0 0 0 0 1 0 0 0 0 -56538.4 0 0 0 0 -56114.8 0 0 0 0 -55679.5 0 0 0 0 -55232.9 0 0 0 0 -54775.5 0 0 0 0 -54307.4 0 0 0 0 -53828.6 0 0 0 0 -53339.9 0 0 0 0 -52841 0 0 0 0 -52332.7 0 0 0 0 -51814.9 0 0 0 0 -51287.8 0 0 0 0 -50752 0 0 0 0 -50207.6 0 0 0 0 -49654.8 0 0 0 0 -49094 0 0 0 0 -48525.5 0 0 0 0 -47949.3 0 0 0 0 -47365.9 0 0 0 0 -46775.5 0 0 0 0 -46178.4 0 0 0 0
0 0 0 0 0 0 0 0 0 0 0 0 0 0 0 0 0 0 0 0 0 1 0 0 0 0 -54498.8 0 0 0 0 -54087.2 0 0 0 0 -53664.1 0 0 0 0 -53229.8 0 0 0 0 -52784.8 0 0 0 0 -52328.9 0 0 0 0 -51862.8 0 0 0 0 -51386.4 0 0 0 0 -50900.4 0 0 0 0 -50404.8 0 0 0 0 -49899.8 0 0 0 0 -49385.6 0 0 0 0 -48861.5 0 0 0 0 -48336.6 0 0 0 0 -47784.1 0 0 0 0 -47200 0 0 0 0 -46717.9 0 0 0 0 -46409.7 0 0 0 0 -48883.1 0 0 0 0 -94803.4 0 0 0 0 0 0 0 0
0 0 0 0 0 0 0 0 0 0 0 0 0 0 0 0 0 0 0 0 0 0 1 0 0 0 0 -52460.6 0 0 0 0 -52074.4 0 0 0 0 -51663.3 0 0 0 0 -51241 0 0 0 0 -50808.1 0 0 0 0 -50364.7 0 0 0 0 -49910.6 0 0 0 0 -49443.7 0 0 0 0 -48828.1 0 0 0 0 -49508.1 0 0 0 0 -43888.4 0 0 0 0 -34492.6 0 0 0 0 -105156 0 0 0 0 0 0 0 0 0 0 0 0 0 0 0 0 0 0 0 0 0 0 0 0 0 0 0 0 0 0 0 0 0 0 0 0 0 0 0 0 0 0
0 0 0 0 0 0 0 0 0 0 0 0 0 0 0 0 0 0 0 0 0 0 0 1 0 0 0 0 -50458.4 0 0 0 0 -50070.6 0 0 0 0 -49671.4 0 0 0 0 -49261.2 0 0 0 0 -48840.2 0 0 0 0 -48408.7 0 0 0 0 -47966.8 0 0 0 0 -47514.7 0 0 0 0 -47053 0 0 0 0 -46581.8 0 0 0 0 -46101 0 0 0 0 -45611.2 0 0 0 0 -45112.6 0 0 0 0 -44605.4 0 0 0 0 -44090 0 0 0 0 -43566.4 0 0 0 0 -43035 0 0 0 0 -42496.1 0 0 0 0 -41949.7 0 0 0 0 -41396.2 0 0 0 0 -40835.9 0
0 0 0 0 0 0 0 0 0 0 0 0 0 0 0 0 0 0 0 0 0 0 0 0 1 0 0 0 0 -48446.2 0 0 0 0 -48070.2 0 0 0 0 -47682.8 0 0 0 0 -47284.4 0 0 0 0 -46875.4 0 0 0 0 -46455.6 0 0 0 0 -46025.4 0 0 0 0 -45585.4 0 0 0 0 -45135.3 0 0 0 0 -44675.7 0 0 0 0 -44206.8 0 0 0 0 -43728.7 0 0 0 0 -43241.8 0 0 0 0 -42746.3 0 0 0 0 -42242.6 0 0 0 0 -41730.4 0 0 0 0 -41210.4 0 0 0 0 -40683 0 0 0 0 -40147.8 0 0 0 0 -39605.7 0 0 0 0 -39056.4
3.62494e-16 -1.11448e-14 0 0 0 0 0 0 0 0 0 0 0 0 0 0 0 -2.47109e-17 0 9.25889e-24 0 0 0 0 0 1.74046 0 0 0 0 0 0 0 0 0 0 0 0 0 0 0 0 0 0 0 0 0 0 0 0 0 0 0 0 0 0 0 0 0 0 0 0 0 0 0 0 0 0 0 0 0 0 0 0 0 0 0 0 0 0 0 0 0 0 0 0 0 0 0 0 0 0 0 0 0 0 0 0 0 0 0 0 0 0 0 0 0 0 0 0 0 0 0 0 0 0 0 0 0 0 0 0 0 0 0 0 0 0 0 0
0 1.7333e-12 -1.88903e-12 0 0 0 0 0 0 0 0 0 0 0 0 0 0 -1.87319e-13 0 1.60246e-20 0 0 0 0 0 0 0.94207 0 0 0 0 0 0 0 0 0 0 0 0 0 0 0 0 0 0 0 0 0 0 0 0 0 0 0 0 0 0 0 0 0 0 0 0 0 0 0 0 0 0 0 0 0 0 0 0 0 0 0 0 0 0 0 0 0 0 0 0 0 0 0 0 0 0 0 0 0 0 0 0 0 0 0 0 0 0 0 0 0 0 0 0 0 0 0 0 0 0 0 0 0 0 0 0 0 0 0 0 0 0 0
0 0 2.47367e-12 -2.69016e-12 0 0 0 0 0 0 0 0 0 0 0 0 0 4.88866e-14 0 2.05748e-22 0 0 0 0 0 0 0 1.04909 0 0 0 0 0 0 0 0 0 0 0 0 0 0 0 0 0 0 0 0 0 0 0 0 0 0 0 0 0 0 0 0 0 0 0 0 0 0 0 0 0 0 0 0 0 0 0 0 0 0 0 0 0 0 0 0 0 0 0 0 0 0 0 0 0 0 0 0 0 0 0 0 0 0 0 0 0 0 0 0 0 0 0 0 0 0 0 0 0 0 0 0 0 0 0 0 0 0 0 0 0 0
0 0 0 1.12415e-14 -4.97786e-14 0 0 0 0 0 0 0 0 0 0 0 0 -3.04399e-16 0 3.79006e-23 0 0 0 0 0 0 0 0 1.15183 0 0 0 0 0 0 0 0 0 0 0 0 0 0 0 0 0 0 0 0 0 0 0 0 0 0 0 0 0 0 0 0 0 0 0 0 0 0 0 0 0 0 0 0 0 0 0 0 0 0 0 0 0 0 0 0 0 0 0 0 0 0 0 0 0 0 0 0 0 0 0 0 0 0 0 0 0 0 0 0 0 0 0 0 0 0 0 0 0 0 0 0 0 0 0 0 0 0 0 0 0
0 0 0 0 8.30179e-15 -5.38785e-14 0 0 0 0 0 0 0 0 0 0 0 -1.28689e-16 0 1.26503e-23 0 0 0 0 0 0 0 0 0 1.07003 0 0 0 0 0 0 0 0 0 0 0 0 0 0 0 0 0 0 0 0 0 0 0 0 0 0 0 0 0 0 0 0 0 0 0 0 0 0 0 0 0 0 0 0 0 0 0 0 0 0 0 0 0 0 0 0 0 0 0 0 0 0 0 0 0 0 0 0 0 0 0 0 0 0 0 0 0 0 0 0 0 0 0 0 0 0 0 0 0 0 0 0 0 0 0 0 0 0 0 0
6.84626e-16 -2.07438e-14 0 0 0 0 0 0 0 0 0 0 0 0 0 0 0 -2.79085e-17 0 2.9675e-23 0 0 0 0 0 0 0 0 0 0 2.21556 0 0 0 0 0 0 0 0 0 0 0 0 0 0 0 0 0 0 0 0 0 0 0 0 0 0 0 0 0 0 0 0 0 0 0 0 0 0 0 0 0 0 0 0 0 0 0 0 0 0 0 0 0 0 0 0 0 0 0 0 0 0 0 0 0 0 0 0 0 0 0 0 0 0 0 0 0 0 0 0 0 0 0 0 0 0 0 0 0 0 0 0 0 0 0 0 0 0 0
0 2.67704e-09 -3.19181e-09 0 0 0 0 0 0 0 0 0 0 0 0 0 0 -3.3199e-10 0 2.64015e-17 0 0 0 0 0 0 0 0 0 0 0 0.862197 0 0 0 0 0 0 0 0 0 0 0 0 0 0 0 0 0 0 0 0 0 0 0 0 0 0 0 0 0 0 0 0 0 0 0 0 0 0 0 0 0 0 0 0 0 0 0 0 0 0 0 0 0 0 0 0 0 0 0 0 0 0 0 0 0 0 0 0 0 0 0 0 0 0 0 0 0 0 0 0 0 0 0 0 0 0 0 0 0 0 0 0 0 0 0 0 0 0
0 0 4.26541e-08 -5.06218e-08 0 0 0 0 0 0 0 0 0 0 0 0 0 3.13951e-10 0 1.19249e-16 0 0 0 0 0 0 0 0 0 0 0 0 1.03915 0 0 0 0 0 0 0 0 0 0 0 0 0 0 0 0 0 0 0 0 0 0 0 0 0 0 0 0 0 0 0 0 0 0 0 0 0 0 0 0 0 0 0 0 0 0 0 0 0 0 0 0 0 0 0 0 0 0 0 0 0 0 0 0 0 0 0 0 0 0 0 0 0 0 0 0 0 0 0 0 0 0 0 0 0 0 0 0 0 0 0 0 0 0 0 0 0
0 0 0 2.39362e-14 -9.87808e-14 0 0 0 0 0 0 0 0 0 0 0 0 -4.00604e-16 0 8.87269e-23 0 0 0 0 0 0 0 0 0 0 0 0 0 1.23118 0 0 0 0 0 0 0 0 0 0 0 0 0 0 0 0 0 0 0 0 0 0 0 0 0 0 0 0 0 0 0 0 0 0 0 0 0 0 0 0 0 0 0 0 0 0 0 0 0 0 0 0 0 0 0 0 0 0 0 0 0 0 0 0 0 0 0 0 0 0 0 0 0 0 0 0 0 0 0 0 0 0 0 0 0 0 0 0 0 0 0 0 0 0 0 0
0 0 0 0 1.89274e-14 -1.06586e-13 0 0 0 0 0 0 0 0 0 0 0 -1.68621e-16 0 2.42864e-23 0 0 0 0 0 0 0 0 0 0 0 0 0 0 1.09935 0 0 0 0 0 0 0 0 0 0 0 0 0 0 0 0 0 0 0 0 0 0 0 0 0 0 0 0 0 0 0 0 0 0 0 0 0 0 0 0 0 0 0 0 0 0 0 0 0 0 0 0 0 0 0 0 0 0 0 0 0 0 0 0 0 0 0 0 0 0 0 0 0 0 0 0 0 0 0 0 0 0 0 0 0 0 0 0 0 0 0 0 0 0 0
8.68257e-16 -2.62405e-14 0 0 0 0 0 0 0 0 0 0 0 0 0 0 0 -3.12504e-17 0 5.48506e-23 0 0 0 0 0 0 0 0 0 0 0 0 0 0 0 2.36736 0 0 0 0 0 0 0 0 0 0 0 0 0 0 0 0 0 0 0 0 0 0 0 0 0 0 0 0 0 0 0 0 0 0 0 0 0 0 0 0 0 0 0 0 0 0 0 0 0 0 0 0 0 0 0 0 0 0 0 0 0 0 0 0 0 0 0 0 0 0 0 0 0 0 0 0 0 0 0 0 0 0 0 0 0 0 0 0 0 0 0 0 0 0
0 6.32825e-07 -8.3646e-07 0 0 0 0 0 0 0 0 0 0 0 0 0 0 -9.12322e-08 0 5.62728e-15 0 0 0 0 0 0 0 0 0 0 0 0 0 0 0 0 0.808893 0 0 0 0 0 0 0 0 0 0 0 0 0 0 0 0 0 0 0 0 0 0 0 0 0 0 0 0 0 0 0 0 0 0 0 0 0 0 0 0 0 0 0 0 0 0 0 0 0 0 0 0 0 0 0 0 0 0 0 0 0 0 0 0 0 0 0 0 0 0 0 0 0 0 0 0 0 0 0 0 0 0 0 0 0 0 0 0 0 0 0 0 0
0 0 0.00038885 -0.000510366 0 0 0 0 0 0 0 0 0 0 0 0 0 -3.24413e-06 0 2.09731e-12 0 0 0 0 0 0 0 0 0 0 0 0 0 0 0 0 0 1.00692 0 0 0 0 0 0 0 0 0 0 0 0 0 0 0 0 0 0 0 0 0 0 0 0 0 0 0 0 0 0 0 0 0 0 0 0 0 0 0 0 0 0 0 0 0 0 0 0 0 0 0 0 0 0 0 0 0 0 0 0 0 0 0 0 0 0 0 0 0 0 0 0 0 0 0 0 0 0 0 0 0 0 0 0 0 0 0 0 0 0 0 0
0 0 0 3.25834e-14 -1.326e-13 0 0 0 0 0 0 0 0 0 0 0 0 -4.8124e-16 0 1.50307e-22 0 0 0 0 0 0 0 0 0 0 0 0 0 0 0 0 0 0 1.25201 0 0 0 0 0 0 0 0 0 0 0 0 0 0 0 0 0 0 0 0 0 0 0 0 0 0 0 0 0 0 0 0 0 0 0 0 0 0 0 0 0 0 0 0 0 0 0 0 0 0 0 0 0 0 0 0 0 0 0 0 0 0 0 0 0 0 0 0 0 0 0 0 0 0 0 0 0 0 0 0 0 0 0 0 0 0 0 0 0 0 0
0 0 0 0 2.60058e-14 -1.42018e-13 0 0 0 0 0 0 0 0 0 0 0 -1.9767e-16 0 3.65434e-23 0 0 0 0 0 0 0 0 0 0 0 0 0 0 0 0 0 0 0 1.10865 0 0 0 0 0 0 0 0 0 0 0 0 0 0 0 0 0 0 0 0 0 0 0 0 0 0 0 0 0 0 0 0 0 0 0 0 0 0 0 0 0 0 0 0 0 0 0 0 0 0 0 0 0 0 0 0 0 0 0 0 0 0 0 0 0 0 0 0 0 0 0 0 0 0 0 0 0 0 0 0 0 0 0 0 0 0 0 0 0 0
8.82948e-16 -2.67359e-14 0 0 0 0 0 0 0 0 0 0 0 0 0 0 0 -3.49479e-17 0 7.37233e-23 0 0 0 0 0 0 0 0 0 0 0 0 0 0 0 0 0 0 0 0 2.23984 0 0 0 0 0 0 0 0 0 0 0 0 0 0 0 0 0 0 0 0 0 0 0 0 0 0 0 0 0 0 0 0 0 0 0 0 0 0 0 0 0 0 0 0 0 0 0 0 0 0 0 0 0 0 0 0 0 0 0 0 0 0 0 0 0 0 0 0 0 0 0 0 0 0 0 0 0 0 0 0 0 0 0 0 0 0 0 0 0
0 3.10792e-06 -4.5648e-06 0 0 0 0 0 0 0 0 0 0 0 0 0 0 -5.19145e-07 0 1.68193e-14 0 0 0 0 0 0 0 0 0 0 0 0 0 0 0 0 0 0 0 0 0 0.794851 0 0 0 0 0 0 0 0 0 0 0 0 0 0 0 0 0 0 0 0 0 0 0 0 0 0 0 0 0 0 0 0 0 0 0 0 0 0 0 0 0 0 0 0 0 0 0 0 0 0 0 0 0 0 0 0 0 0 0 0 0 0 0 0 0 0 0 0 0 0 0 0 0 0 0 0 0 0 0 0 0 0 0 0 0 0 0 0
0 0 0.0381683 -0.0555268 0 0 0 0 0 0 0 0 0 0 0 0 0 -0.000996902 0 2.73732e-10 0 0 0 0 0 0 0 0 0 0 0 0 0 0 0 0 0 0 0 0 0 0 0.97214 0 0 0 0 0 0 0 0 0 0 0 0 0 0 0 0 0 0 0 0 0 0 0 0 0 0 0 0 0 0 0 0 0 0 0 0 0 0 0 0 0 0 0 0 0 0 0 0 0 0 0 0 0 0 0 0 0 0 0 0 0 0 0 0 0 0 0 0 0 0 0 0 0 0 0 0 0 0 0 0 0 0 0 0 0 0 0
0 0 0 3.50602e-14 -1.43928e-13 0 0 0 0 0 0 0 0 0 0 0 0 -5.60673e-16 0 1.94788e-22 0 0 0 0 0 0 0 0 0 0 0 0 0 0 0 0 0 0 0 0 0 0 0 1.22519 0 0 0 0 0 0 0 0 0 0 0 0 0 0 0 0 0 0 0 0 0 0 0 0 0 0 0 0 0 0 0 0 0 0 0 0 0 0 0 0 0 0 0 0 0 0 0 0 0 0 0 0 0 0 0 0 0 0 0 0 0 0 0 0 0 0 0 0 0 0 0 0 0 0 0 0 0 0 0 0 0 0 0 0 0 0
0 0 0 0 2.76304e-14 -1.52537e-13 0 0 0 0 0 0 0 0 0 0 0 -2.2267e-16 0 4.29939e-23 0 0 0 0 0 0 0 0 0 0 0 0 0 0 0 0 0 0 0 0 0 0 0 0 1.10083 0 0 0 0 0 0 0 0 0 0 0 0 0 0 0 0 0 0 0 0 0 0 0 0 0 0 0 0 0 0 0 0 0 0 0 0 0 0 0 0 0 0 0 0 0 0 0 0 0 0 0 0 0 0 0 0 0 0 0 0 0 0 0 0 0 0 0 0 0 0 0 0 0 0 0 0 0 0 0 0 0 0 0 0 0
7.59601e-16 -2.31468e-14 0 0 0 0 0 0 0 0 0 0 0 0 0 0 0 -3.90387e-17 0 7.85428e-23 0 0 0 0 0 0 0 0 0 0 0 0 0 0 0 0 0 0 0 0 0 0 0 0 0 1.95582 0 0 0 0 0 0 0 0 0 0 0 0 0 0 0 0 0 0 0 0 0 0 0 0 0 0 0 0 0 0 0 0 0 0 0 0 0 0 0 0 0 0 0 0 0 0 0 0 0 0 0 0 0 0 0 0 0 0 0 0 0 0 0 0 0 0 0 0 0 0 0 0 0 0 0 0 0 0 0 0 0 0 0 0
0 3.15971e-07 -5.16888e-07 0 0 0 0 0 0 0 0 0 0 0 0 0 0 -6.09967e-08 0 -4.95312e-16 0 0 0 0 0 0 0 0 0 0 0 0 0 0 0 0 0 0 0 0 0 0 0 0 0 0 0.817417 0 0 0 0 0 0 0 0 0 0 0 0 0 0 0 0 0 0 0 0 0 0 0 0 0 0 0 0 0 0 0 0 0 0 0 0 0 0 0 0 0 0 0 0 0 0 0 0 0 0 0 0 0 0 0 0 0 0 0 0 0 0 0 0 0 0 0 0 0 0 0 0 0 0 0 0 0 0 0 0 0 0 0
0 0 0.0113199 -0.0182945 0 0 0 0 0 0 0 0 0 0 0 0 0 -0.000523836 0 8.36085e-11 0 0 0 0 0 0 0 0 0 0 0 0 0 0 0 0 0 0 0 0 0 0 0 0 0 0 0 0.950959 0 0 0 0 0 0 0 0 0 0 0 0 0 0 0 0 0 0 0 0 0 0 0 0 0 0 0 0 0 0 0 0 0 0 0 0 0 0 0 0 0 0 0 0 0 0 0 0 0 0 0 0 0 0 0 0 0 0 0 0 0 0 0 0 0 0 0 0 0 0 0 0 0 0 0 0 0 0 0 0 0 0
0 0 0 3.15009e-14 -1.33059e-13 0 0 0 0 0 0 0 0 0 0 0 0 -6.3223e-16 0 1.95887e-22 0 0 0 0 0 0 0 0 0 0 0 0 0 0 0 0 0 0 0 0 0 0 0 0 0 0 0 0 1.17371 0 0 0 0 0 0 0 0 0 0 0 0 0 0 0 0 0 0 0 0 0 0 0 0 0 0 0 0 0 0 0 0 0 0 0 0 0 0 0 0 0 0 0 0 0 0 0 0 0 0 0 0 0 0 0 0 0 0 0 0 0 0 0 0 0 0 0 0 0 0 0 0 0 0 0 0 0 0 0 0 0
0 0 0 0 2.40613e-14 -1.39097e-13 0 0 0 0 0 0 0 0 0 0 0 -2.41995e-16 0 3.78102e-23 0 0 0 0 0 0 0 0 0 0 0 0 0 0 0 0 0 0 0 0 0 0 0 0 0 0 0 0 0 1.08333 0 0 0 0 0 0 0 0 0 0 0 0 0 0 0 0 0 0 0 0 0 0 0 0 0 0 0 0 0 0 0 0 0 0 0 0 0 0 0 0 0 0 0 0 0 0 0 0 0 0 0 0 0 0 0 0 0 0 0 0 0 0 0 0 0 0 0 0 0 0 0 0 0 0 0 0 0 0 0 0
5.64117e-16 -1.74247e-14 0 0 0 0 0 0 0 0 0 0 0 0 0 0 0 -4.34373e-17 0 6.82553e-23 0 0 0 0 0 0 0 0 0 0 0 0 0 0 0 0 0 0 0 0 0 0 0 0 0 0 0 0 0 0 1.64291 0 0 0 0 0 0 0 0 0 0 0 0 0 0 0 0 0 0 0 0 0 0 0 0 0 0 0 0 0 0 0 0 0 0 0 0 0 0 0 0 0 0 0 0 0 0 0 0 0 0 0 0 0 0 0 0 0 0 0 0 0 0 0 0 0 0 0 0 0 0 0 0 0 0 0 0 0 0 0
0 2.77975e-09 -5.07647e-09 0 0 0 0 0 0 0 0 0 0 0 0 0 0 -6.18966e-10 0 -3.69682e-17 0 0 0 0 0 0 0 0 0 0 0 0 0 0 0 0 0 0 0 0 0 0 0 0 0 0 0 0 0 0 0 0.862585 0 0 0 0 0 0 0 0 0 0 0 0 0 0 0 0 0 0 0 0 0 0 0 0 0 0 0 0 0 0 0 0 0 0 0 0 0 0 0 0 0 0 0 0 0 0 0 0 0 0 0 0 0 0 0 0 0 0 0 0 0 0 0 0 0 0 0 0 0 0 0 0 0 0 0 0 0 0
0 0 3.74969e-05 -6.74733e-05 0 0 0 0 0 0 0 0 0 0 0 0 0 -2.59383e-06 0 1.91119e-13 0 0 0 0 0 0 0 0 0 0 0 0 0 0 0 0 0 0 0 0 0 0 0 0 0 0 0 0 0 0 0 0 0.948789 0 0 0 0 0 0 0 0 0 0 0 0 0 0 0 0 0 0 0 0 0 0 0 0 0 0 0 0 0 0 0 0 0 0 0 0 0 0 0 0 0 0 0 0 0 0 0 0 0 0 0 0 0 0 0 0 0 0 0 0 0 0 0 0 0 0 0 0 0 0 0 0 0 0 0 0 0
0 0 0 2.3892e-14 -1.0656e-13 0 0 0 0 0 0 0 0 0 0 0 0 -6.73146e-16 0 1.44534e-22 0 0 0 0 0 0 0 0 0 0 0 0 0 0 0 0 0 0 0 0 0 0 0 0 0 0 0 0 0 0 0 0 0 1.1199 0 0 0 0 0 0 0 0 0 0 0 0 0 0 0 0 0 0 0 0 0 0 0 0 0 0 0 0 0 0 0 0 0 0 0 0 0 0 0 0 0 0 0 0 0 0 0 0 0 0 0 0 0 0 0 0 0 0 0 0 0 0 0 0 0 0 0 0 0 0 0 0 0 0 0 0
0 0 0 0 1.7231e-14 -1.09455e-13 0 0 0 0 0 0 0 0 0 0 0 -2.48875e-16 0 1.9845e-23 0 0 0 0 0 0 0 0 0 0 0 0 0 0 0 0 0 0 0 0 0 0 0 0 0 0 0 0 0 0 0 0 0 0 1.06392 0 0 0 0 0 0 0 0 0 0 0 0 0 0 0 0 0 0 0 0 0 0 0 0 0 0 0 0 0 0 0 0 0 0 0 0 0 0 0 0 0 0 0 0 0 0 0 0 0 0 0 0 0 0 0 0 0 0 0 0 0 0 0 0 0 0 0 0 0 0 0 0 0 0 0
3.63701e-16 -1.15556e-14 0 0 0 0 0 0 0 0 0 0 0 0 0 0 0 -4.77846e-17 0 4.76634e-23 0 0 0 0 0 0 0 0 0 0 0 0 0 0 0 0 0 0 0 0 0 0 0 0 0 0 0 0 0 0 0 0 0 0 0 1.38522 0 0 0 0 0 0 0 0 0 0 0 0 0 0 0 0 0 0 0 0 0 0 0 0 0 0 0 0 0 0 0 0 0 0 0 0 0 0 0 0 0 0 0 0 0 0 0 0 0 0 0 0 0 0 0 0 0 0 0 0 0 0 0 0 0 0 0 0 0 0 0 0 0 0
0 1.44913e-11 -2.96339e-11 0 0 0 0 0 0 0 0 0 0 0 0 0 0 -3.72001e-12 0 -4.55052e-19 0 0 0 0 0 0 0 0 0 0 0 0 0 0 0 0 0 0 0 0 0 0 0 0 0 0 0 0 0 0 0 0 0 0 0 0 0.913244 0 0 0 0 0 0 0 0 0 0 0 0 0 0 0 0 0 0 0 0 0 0 0 0 0 0 0 0 0 0 0 0 0 0 0 0 0 0 0 0 0 0 0 0 0 0 0 0 0 0 0 0 0 0 0 0 0 0 0 0 0 0 0 0 0 0 0 0 0 0 0 0 0
0 0 1.86517e-08 -3.74534e-08 0 0 0 0 0 0 0 0 0 0 0 0 0 -1.77629e-09 0 -1.64087e-17 0 0 0 0 0 0 0 0 0 0 0 0 0 0 0 0 0 0 0 0 0 0 0 0 0 0 0 0 0 0 0 0 0 0 0 0 0 0.961268 0 0 0 0 0 0 0 0 0 0 0 0 0 0 0 0 0 0 0 0 0 0 0 0 0 0 0 0 0 0 0 0 0 0 0 0 0 0 0 0 0 0 0 0 0 0 0 0 0 0 0 0 0 0 0 0 0 0 0 0 0 0 0 0 0 0 0 0 0 0 0 0
0 0 0 1.51069e-14 -7.39662e-14 0 0 0 0 0 0 0 0 0 0 0 0 -6.51794e-16 0 5.77262e-23 0 0 0 0 0 0 0 0 0 0 0 0 0 0 0 0 0 0 0 0 0 0 0 0 0 0 0 0 0 0 0 0 0 0 0 0 0 0 1.07739 0 0 0 0 0 0 0 0 0 0 0 0 0 0 0 0 0 0 0 0 0 0 0 0 0 0 0 0 0 0 0 0 0 0 0 0 0 0 0 0 0 0 0 0 0 0 0 0 0 0 0 0 0 0 0 0 0 0 0 0 0 0 0 0 0 0 0 0 0 0 0
0 0 0 0 9.87515e-15 -7.44616e-14 0 0 0 0 0 0 0 0 0 0 0 -2.32712e-16 0 -4.80723e-24 0 0 0 0 0 0 0 0 0 0 0 0 0 0 0 0 0 0 0 0 0 0 0 0 0 0 0 0 0 0 0 0 0 0 0 0 0 0 0 1.04777 0 0 0 0 0 0 0 0 0 0 0 0 0 0 0 0 0 0 0 0 0 0 0 0 0 0 0 0 0 0 0 0 0 0 0 0 0 0 0 0 0 0 0 0 0 0 0 0 0 0 0 0 0 0 0 0 0 0 0 0 0 0 0 0 0 0 0 0 0 0
2.01005e-16 -6.78651e-15 0 0 0 0 0 0 0 0 0 0 0 0 0 0 0 -5.10312e-17 0 2.36266e-23 0 0 0 0 0 0 0 0 0 0 0 0 0 0 0 0 0 0 0 0 0 0 0 0 0 0 0 0 0 0 0 0 0 0 0 0 0 0 0 0 1.21064 0 0 0 0 0 0 0 0 0 0 0 0 0 0 0 0 0 0 0 0 0 0 0 0 0 0 0 0 0 0 0 0 0 0 0 0 0 0 0 0 0 0 0 0 0 0 0 0 0 0 0 0 0 0 0 0 0 0 0 0 0 0 0 0 0 0 0 0 0
0 1.98412e-13 -4.67691e-13 0 0 0 0 0 0 0 0 0 0 0 0 0 0 -6.05744e-14 0 -1.18989e-20 0 0 0 0 0 0 0 0 0 0 0 0 0 0 0 0 0 0 0 0 0 0 0 0 0 0 0 0 0 0 0 0 0 0 0 0 0 0 0 0 0 0.956854 0 0 0 0 0 0 0 0 0 0 0 0 0 0 0 0 0 0 0 0 0 0 0 0 0 0 0 0 0 0 0 0 0 0 0 0 0 0 0 0 0 0 0 0 0 0 0 0 0 0 0 0 0 0 0 0 0 0 0 0 0 0 0 0 0 0 0 0
0 0 1.63597e-11 -3.6762e-11 0 0 0 0 0 0 0 0 0 0 0 0 0 -2.0466e-12 0 -1.974e-19 0 0 0 0 0 0 0 0 0 0 0 0 0 0 0 0 0 0 0 0 0 0 0 0 0 0 0 0 0 0 0 0 0 0 0 0 0 0 0 0 0 0 0.979846 0 0 0 0 0 0 0 0 0 0 0 0 0 0 0 0 0 0 0 0 0 0 0 0 0 0 0 0 0 0 0 0 0 0 0 0 0 0 0 0 0 0 0 0 0 0 0 0 0 0 0 0 0 0 0 0 0 0 0 0 0 0 0 0 0 0 0
0 0 0 7.67782e-15 -4.40264e-14 0 0 0 0 0 0 0 0 0 0 0 0 -5.52136e-16 0 -2.73851e-23 0 0 0 0 0 0 0 0 0 0 0 0 0 0 0 0 0 0 0 0 0 0 0 0 0 0 0 0 0 0 0 0 0 0 0 0 0 0 0 0 0 0 0 1.04997 0 0 0 0 0 0 0 0 0 0 0 0 0 0 0 0 0 0 0 0 0 0 0 0 0 0 0 0 0 0 0 0 0 0 0 0 0 0 0 0 0 0 0 0 0 0 0 0 0 0 0 0 0 0 0 0 0 0 0 0 0 0 0 0 0 0
0 0 0 0 4.3499e-15 -4.38977e-14 0 0 0 0 0 0 0 0 0 0 0 -1.87716e-16 0 -2.42816e-23 0 0 0 0 0 0 0 0 0 0 0 0 0 0 0 0 0 0 0 0 0 0 0 0 0 0 0 0 0 0 0 0 0 0 0 0 0 0 0 0 0 0 0 0 1.03674 0 0 0 0 0 0 0 0 0 0 0 0 0 0 0 0 0 0 0 0 0 0 0 0 0 0 0 0 0 0 0 0 0 0 0 0 0 0 0 0 0 0 0 0 0 0 0 0 0 0 0 0 0 0 0 0 0 0 0 0 0 0 0 0 0
9.14985e-17 -3.53565e-15 0 0 0 0 0 0 0 0 0 0 0 0 0 0 0 -5.0698e-17 0 2.50929e-24 0 0 0 0 0 0 0 0 0 0 0 0 0 0 0 0 0 0 0 0 0 0 0 0 0 0 0 0 0 0 0 0 0 0 0 0 0 0 0 0 0 0 0 0 0 1.11004 0 0 0 0 0 0 0 0 0 0 0 0 0 0 0 0 0 0 0 0 0 0 0 0 0 0 0 0 0 0 0 0 0 0 0 0 0 0 0 0 0 0 0 0 0 0 0 0 0 0 0 0 0 0 0 0 0 0 0 0 0 0 0 0
0 1.02401e-14 -3.32747e-14 0 0 0 0 0 0 0 0 0 0 0 0 0 0 -4.5482e-15 0 -1.29458e-21 0 0 0 0 0 0 0 0 0 0 0 0 0 0 0 0 0 0 0 0 0 0 0 0 0 0 0 0 0 0 0 0 0 0 0 0 0 0 0 0 0 0 0 0 0 0 0.988015 0 0 0 0 0 0 0 0 0 0 0 0 0 0 0 0 0 0 0 0 0 0 0 0 0 0 0 0 0 0 0 0 0 0 0 0 0 0 0 0 0 0 0 0 0 0 0 0 0 0 0 0 0 0 0 0 0 0 0 0 0 0 0
0 0 1.0996e-13 -2.87614e-13 0 0 0 0 0 0 0 0 0 0 0 0 0 -1.88183e-14 0 -3.71797e-21 0 0 0 0 0 0 0 0 0 0 0 0 0 0 0 0 0 0 0 0 0 0 0 0 0 0 0 0 0 0 0 0 0 0 0 0 0 0 0 0 0 0 0 0 0 0 0 0.997323 0 0 0 0 0 0 0 0 0 0 0 0 0 0 0 0 0 0 0 0 0 0 0 0 0 0 0 0 0 0 0 0 0 0 0 0 0 0 0 0 0 0 0 0 0 0 0 0 0 0 0 0 0 0 0 0 0 0 0 0 0 0
0 0 0 2.94565e-15 -2.22072e-14 0 0 0 0 0 0 0 0 0 0 0 0 -3.94321e-16 0 -7.47888e-23 0 0 0 0 0 0 0 0 0 0 0 0 0 0 0 0 0 0 0 0 0 0 0 0 0 0 0 0 0 0 0 0 0 0 0 0 0 0 0 0 0 0 0 0 0 0 0 0 1.03518 0 0 0 0 0 0 0 0 0 0 0 0 0 0 0 0 0 0 0 0 0 0 0 0 0 0 0 0 0 0 0 0 0 0 0 0 0 0 0 0 0 0 0 0 0 0 0 0 0 0 0 0 0 0 0 0 0 0 0 0 0
0 0 0 0 1.43718e-15 -2.28268e-14 0 0 0 0 0 0 0 0 0 0 0 -1.25924e-16 0 -2.99607e-23 0 0 0 0 0 0 0 0 0 0 0 0 0 0 0 0 0 0 0 0 0 0 0 0 0 0 0 0 0 0 0 0 0 0 0 0 0 0 0 0 0 0 0 0 0 0 0 0 0 1.03036 0 0 0 0 0 0 0 0 0 0 0 0 0 0 0 0 0 0 0 0 0 0 0 0 0 0 0 0 0 0 0 0 0 0 0 0 0 0 0 0 0 0 0 0 0 0 0 0 0 0 0 0 0 0 0 0 0 0 0 0
3.14761e-17 -1.63115e-15 0 0 0 0 0 0 0 0 0 0 0 0 0 0 0 -4.29686e-17 0 -1.03771e-23 0 0 0 0 0 0 0 0 0 0 0 0 0 0 0 0 0 0 0 0 0 0 0 0 0 0 0 0 0 0 0 0 0 0 0 0 0 0 0 0 0 0 0 0 0 0 0 0 0 0 1.05976 0 0 0 0 0 0 0 0 0 0 0 0 0 0 0 0 0 0 0 0 0 0 0 0 0 0 0 0 0 0 0 0 0 0 0 0 0 0 0 0 0 0 0 0 0 0 0 0 0 0 0 0 0 0 0 0 0 0 0
0 1.05988e-15 -6.36214e-15 0 0 0 0 0 0 0 0 0 0 0 0 0 0 -9.24877e-16 0 -3.56644e-22 0 0 0 0 0 0 0 0 0 0 0 0 0 0 0 0 0 0 0 0 0 0 0 0 0 0 0 0 0 0 0 0 0 0 0 0 0 0 0 0 0 0 0 0 0 0 0 0 0 0 0 1.00709 0 0 0 0 0 0 0 0 0 0 0 0 0 0 0 0 0 0 0 0 0 0 0 0 0 0 0 0 0 0 0 0 0 0 0 0 0 0 0 0 0 0 0 0 0 0 0 0 0 0 0 0 0 0 0 0 0 0
0 0 5.00653e-15 -1.94082e-14 0 0 0 0 0 0 0 0 0 0 0 0 0 -1.64547e-15 0 -5.41364e-22 0 0 0 0 0 0 0 0 0 0 0 0 0 0 0 0 0 0 0 0 0 0 0 0 0 0 0 0 0 0 0 0 0 0 0 0 0 0 0 0 0 0 0 0 0 0 0 0 0 0 0 0 1.01015 0 0 0 0 0 0 0 0 0 0 0 0 0 0 0 0 0 0 0 0 0 0 0 0 0 0 0 0 0 0 0 0 0 0 0 0 0 0 0 0 0 0 0 0 0 0 0 0 0 0 0 0 0 0 0 0 0
0 0 0 8.09583e-16 -9.66208e-15 0 0 0 0 0 0 0 0 0 0 0 0 -2.30533e-16 0 -7.47787e-23 0 0 0 0 0 0 0 0 0 0 0 0 0 0 0 0 0 0 0 0 0 0 0 0 0 0 0 0 0 0 0 0 0 0 0 0 0 0 0 0 0 0 0 0 0 0 0 0 0 0 0 0 0 1.02848 0 0 0 0 0 0 0 0 0 0 0 0 0 0 0 0 0 0 0 0 0 0 0 0 0 0 0 0 0 0 0 0 0 0 0 0 0 0 0 0 0 0 0 0 0 0 0 0 0 0 0 0 0 0 0 0
0 0 0 0 3.59641e-16 -1.07803e-14 0 0 0 0 0 0 0 0 0 0 0 -7.04231e-17 0 -2.43151e-23 0 0 0 0 0 0 0 0 0 0 0 0 0 0 0 0 0 0 0 0 0 0 0 0 0 0 0 0 0 0 0 0 0 0 0 0 0 0 0 0 0 0 0 0 0 0 0 0 0 0 0 0 0 0 1.02719 0 0 0 0 0 0 0 0 0 0 0 0 0 0 0 0 0 0 0 0 0 0 0 0 0 0 0 0 0 0 0 0 0 0 0 0 0 0 0 0 0 0 0 0 0 0 0 0 0 0 0 0 0 0 0
7.34519e-18 -6.682e-16 0 0 0 0 0 0 0 0 0 0 0 0 0 0 0 -2.77218e-17 0 -1.23817e-23 0 0 0 0 0 0 0 0 0 0 0 0 0 0 0 0 0 0 0 0 0 0 0 0 0 0 0 0 0 0 0 0 0 0 0 0 0 0 0 0 0 0 0 0 0 0 0 0 0 0 0 0 0 0 0 1.03775 0 0 0 0 0 0 0 0 0 0 0 0 0 0 0 0 0 0 0 0 0 0 0 0 0 0 0 0 0 0 0 0 0 0 0 0 0 0 0 0 0 0 0 0 0 0 0 0 0 0 0 0 0 0
0 1.30217e-16 -1.83468e-15 0 0 0 0 0 0 0 0 0 0 0 0 0 0 -2.77506e-16 0 -1.37502e-22 0 0 0 0 0 0 0 0 0 0 0 0 0 0 0 0 0 0 0 0 0 0 0 0 0 0 0 0 0 0 0 0 0 0 0 0 0 0 0 0 0 0 0 0 0 0 0 0 0 0 0 0 0 0 0 0 1.01728 0 0 0 0 0 0 0 0 0 0 0 0 0 0 0 0 0 0 0 0 0 0 0 0 0 0 0 0 0 0 0 0 0 0 0 0 0 0 0 0 0 0 0 0 0 0 0 0 0 0 0 0 0
0 0 4.8811e-16 -3.85526e-15 0 0 0 0 0 0 0 0 0 0 0 0 0 -4.05664e-16 0 -1.87671e-22 0 0 0 0 0 0 0 0 0 0 0 0 0 0 0 0 0 0 0 0 0 0 0 0 0 0 0 0 0 0 0 0 0 0 0 0 0 0 0 0 0 0 0 0 0 0 0 0 0 0 0 0 0 0 0 0 0 1.018 0 0 0 0 0 0 0 0 0 0 0 0 0 0 0 0 0 0 0 0 0 0 0 0 0 0 0 0 0 0 0 0 0 0 0 0 0 0 0 0 0 0 0 0 0 0 0 0 0 0 0 0
0 0 0 1.61233e-16 -3.83077e-15 0 0 0 0 0 0 0 0 0 0 0 0 -1.11357e-16 0 -5.03015e-23 0 0 0 0 0 0 0 0 0 0 0 0 0 0 0 0 0 0 0 0 0 0 0 0 0 0 0 0 0 0 0 0 0 0 0 0 0 0 0 0 0 0 0 0 0 0 0 0 0 0 0 0 0 0 0 0 0 0 1.02597 0 0 0 0 0 0 0 0 0 0 0 0 0 0 0 0 0 0 0 0 0 0 0 0 0 0 0 0 0 0 0 0 0 0 0 0 0 0 0 0 0 0 0 0 0 0 0 0 0 0 0
0 0 0 0 7.01133e-17 -4.70964e-15 0 0 0 0 0 0 0 0 0 0 0 -3.37527e-17 0 -1.53213e-23 0 0 0 0 0 0 0 0 0 0 0 0 0 0 0 0 0 0 0 0 0 0 0 0 0 0 0 0 0 0 0 0 0 0 0 0 0 0 0 0 0 0 0 0 0 0 0 0 0 0 0 0 0 0 0 0 0 0 0 1.02584 0 0 0 0 0 0 0 0 0 0 0 0 0 0 0 0 0 0 0 0 0 0 0 0 0 0 0 0 0 0 0 0 0 0 0 0 0 0 0 0 0 0 0 0 0 0 0 0 0 0
1.13072e-18 -2.46197e-16 0 0 0 0 0 0 0 0 0 0 0 0 0 0 0 -1.30875e-17 0 -7.94893e-24 0 0 0 0 0 0 0 0 0 0 0 0 0 0 0 0 0 0 0 0 0 0 0 0 0 0 0 0 0 0 0 0 0 0 0 0 0 0 0 0 0 0 0 0 0 0 0 0 0 0 0 0 0 0 0 0 0 0 0 0 1.02926 0 0 0 0 0 0 0 0 0 0 0 0 0 0 0 0 0 0 0 0 0 0 0 0 0 0 0 0 0 0 0 0 0 0 0 0 0 0 0 0 0 0 0 0 0 0 0 0 0
0 1.52358e-17 -5.99769e-16 0 0 0 0 0 0 0 0 0 0 0 0 0 0 -9.24004e-17 0 -5.67143e-23 0 0 0 0 0 0 0 0 0 0 0 0 0 0 0 0 0 0 0 0 0 0 0 0 0 0 0 0 0 0 0 0 0 0 0 0 0 0 0 0 0 0 0 0 0 0 0 0 0 0 0 0 0 0 0 0 0 0 0 0 0 1.02207 0 0 0 0 0 0 0 0 0 0 0 0 0 0 0 0 0 0 0 0 0 0 0 0 0 0 0 0 0 0 0 0 0 0 0 0 0 0 0 0 0 0 0 0 0 0 0 0
0 0 5.4442e-17 -1.10598e-15 0 0 0 0 0 0 0 0 0 0 0 0 0 -1.29694e-16 0 -7.66152e-23 0 0 0 0 0 0 0 0 0 0 0 0 0 0 0 0 0 0 0 0 0 0 0 0 0 0 0 0 0 0 0 0 0 0 0 0 0 0 0 0 0 0 0 0 0 0 0 0 0 0 0 0 0 0 0 0 0 0 0 0 0 0 1.02212 0 0 0 0 0 0 0 0 0 0 0 0 0 0 0 0 0 0 0 0 0 0 0 0 0 0 0 0 0 0 0 0 0 0 0 0 0 0 0 0 0 0 0 0 0 0 0
0 0 0 2.45044e-17 -1.43666e-15 0 0 0 0 0 0 0 0 0 0 0 0 -4.62553e-17 0 -2.66372e-23 0 0 0 0 0 0 0 0 0 0 0 0 0 0 0 0 0 0 0 0 0 0 0 0 0 0 0 0 0 0 0 0 0 0 0 0 0 0 0 0 0 0 0 0 0 0 0 0 0 0 0 0 0 0 0 0 0 0 0 0 0 0 0 1.02524 0 0 0 0 0 0 0 0 0 0 0 0 0 0 0 0 0 0 0 0 0 0 0 0 0 0 0 0 0 0 0 0 0 0 0 0 0 0 0 0 0 0 0 0 0 0
0 0 0 0 1.09383e-17 -1.90612e-15 0 0 0 0 0 0 0 0 0 0 0 -1.42592e-17 0 -8.08599e-24 0 0 0 0 0 0 0 0 0 0 0 0 0 0 0 0 0 0 0 0 0 0 0 0 0 0 0 0 0 0 0 0 0 0 0 0 0 0 0 0 0 0 0 0 0 0 0 0 0 0 0 0 0 0 0 0 0 0 0 0 0 0 0 0 1.02535 0 0 0 0 0 0 0 0 0 0 0 0 0 0 0 0 0 0 0 0 0 0 0 0 0 0 0 0 0 0 0 0 0 0 0 0 0 0 0 0 0 0 0 0 0
1.23409e-19 -8.23275e-17 0 0 0 0 0 0 0 0 0 0 0 0 0 0 0 -4.8409e-18 0 -3.64541e-24 0 0 0 0 0 0 0 0 0 0 0 0 0 0 0 0 0 0 0 0 0 0 0 0 0 0 0 0 0 0 0 0 0 0 0 0 0 0 0 0 0 0 0 0 0 0 0 0 0 0 0 0 0 0 0 0 0 0 0 0 0 0 0 0 0 1.02635 0 0 0 0 0 0 0 0 0 0 0 0 0 0 0 0 0 0 0 0 0 0 0 0 0 0 0 0 0 0 0 0 0 0 0 0 0 0 0 0 0 0 0 0
0 1.55096e-18 -1.95499e-16 0 0 0 0 0 0 0 0 0 0 0 0 0 0 -3.03288e-17 0 -2.2486e-23 0 0 0 0 0 0 0 0 0 0 0 0 0 0 0 0 0 0 0 0 0 0 0 0 0 0 0 0 0 0 0 0 0 0 0 0 0 0 0 0 0 0 0 0 0 0 0 0 0 0 0 0 0 0 0 0 0 0 0 0 0 0 0 0 0 0 1.02407 0 0 0 0 0 0 0 0 0 0 0 0 0 0 0 0 0 0 0 0 0 0 0 0 0 0 0 0 0 0 0 0 0 0 0 0 0 0 0 0 0 0 0
0 0 5.64557e-18 -3.4844e-16 0 0 0 0 0 0 0 0 0 0 0 0 0 -4.26509e-17 0 -3.07296e-23 0 0 0 0 0 0 0 0 0 0 0 0 0 0 0 0 0 0 0 0 0 0 0 0 0 0 0 0 0 0 0 0 0 0 0 0 0 0 0 0 0 0 0 0 0 0 0 0 0 0 0 0 0 0 0 0 0 0 0 0 0 0 0 0 0 0 0 1.024 0 0 0 0 0 0 0 0 0 0 0 0 0 0 0 0 0 0 0 0 0 0 0 0 0 0 0 0 0 0 0 0 0 0 0 0 0 0 0 0 0 0
0 0 0 2.96271e-18 -5.07976e-16 0 0 0 0 0 0 0 0 0 0 0 0 -1.70672e-17 0 -1.19898e-23 0 0 0 0 0 0 0 0 0 0 0 0 0 0 0 0 0 0 0 0 0 0 0 0 0 0 0 0 0 0 0 0 0 0 0 0 0 0 0 0 0 0 0 0 0 0 0 0 0 0 0 0 0 0 0 0 0 0 0 0 0 0 0 0 0 0 0 0 1.0251 0 0 0 0 0 0 0 0 0 0 0 0 0 0 0 0 0 0 0 0 0 0 0 0 0 0 0 0 0 0 0 0 0 0 0 0 0 0 0 0 0
0 0 0 0 1.38871e-18 -7.1014e-16 0 0 0 0 0 0 0 0 0 0 0 -5.4046e-18 0 -3.71408e-24 0 0 0 0 0 0 0 0 0 0 0 0 0 0 0 0 0 0 0 0 0 0 0 0 0 0 0 0 0 0 0 0 0 0 0 0 0 0 0 0 0 0 0 0 0 0 0 0 0 0 0 0 0 0 0 0 0 0 0 0 0 0 0 0 0 0 0 0 0 1.0252 0 0 0 0 0 0 0 0 0 0 0 0 0 0 0 0 0 0 0 0 0 0 0 0 0 0 0 0 0 0 0 0 0 0 0 0 0 0 0 0
1.03011e-20 -2.49627e-17 0 0 0 0 0 0 0 0 0 0 0 0 0 0 0 -1.51727e-18 0 -1.36428e-24 0 0 0 0 0 0 0 0 0 0 0 0 0 0 0 0 0 0 0 0 0 0 0 0 0 0 0 0 0 0 0 0 0 0 0 0 0 0 0 0 0 0 0 0 0 0 0 0 0 0 0 0 0 0 0 0 0 0 0 0 0 0 0 0 0 0 0 0 0 0 1.02547 0 0 0 0 0 0 0 0 0 0 0 0 0 0 0 0 0 0 0 0 0 0 0 0 0 0 0 0 0 0 0 0 0 0 0 0 0 0 0
0 1.32167e-19 -5.99676e-17 0 0 0 0 0 0 0 0 0 0 0 0 0 0 -9.32422e-18 0 -8.19719e-24 0 0 0 0 0 0 0 0 0 0 0 0 0 0 0 0 0 0 0 0 0 0 0 0 0 0 0 0 0 0 0 0 0 0 0 0 0 0 0 0 0 0 0 0 0 0 0 0 0 0 0 0 0 0 0 0 0 0 0 0 0 0 0 0 0 0 0 0 0 0 0 1.02481 0 0 0 0 0 0 0 0 0 0 0 0 0 0 0 0 0 0 0 0 0 0 0 0 0 0 0 0 0 0 0 0 0 0 0 0 0 0
0 0 5.04551e-19 -1.07626e-16 0 0 0 0 0 0 0 0 0 0 0 0 0 -1.33669e-17 0 -1.14532e-23 0 0 0 0 0 0 0 0 0 0 0 0 0 0 0 0 0 0 0 0 0 0 0 0 0 0 0 0 0 0 0 0 0 0 0 0 0 0 0 0 0 0 0 0 0 0 0 0 0 0 0 0 0 0 0 0 0 0 0 0 0 0 0 0 0 0 0 0 0 0 0 0 1.02476 0 0 0 0 0 0 0 0 0 0 0 0 0 0 0 0 0 0 0 0 0 0 0 0 0 0 0 0 0 0 0 0 0 0 0 0 0
0 0 0 2.9115e-19 -1.66575e-16 0 0 0 0 0 0 0 0 0 0 0 0 -5.68166e-18 0 -4.74808e-24 0 0 0 0 0 0 0 0 0 0 0 0 0 0 0 0 0 0 0 0 0 0 0 0 0 0 0 0 0 0 0 0 0 0 0 0 0 0 0 0 0 0 0 0 0 0 0 0 0 0 0 0 0 0 0 0 0 0 0 0 0 0 0 0 0 0 0 0 0 0 0 0 0 1.02511 0 0 0 0 0 0 0 0 0 0 0 0 0 0 0 0 0 0 0 0 0 0 0 0 0 0 0 0 0 0 0 0 0 0 0 0
0 0 0 0 1.44754e-19 -2.42129e-16 0 0 0 0 0 0 0 0 0 0 0 -1.85403e-18 0 -1.51275e-24 0 0 0 0 0 0 0 0 0 0 0 0 0 0 0 0 0 0 0 0 0 0 0 0 0 0 0 0 0 0 0 0 0 0 0 0 0 0 0 0 0 0 0 0 0 0 0 0 0 0 0 0 0 0 0 0 0 0 0 0 0 0 0 0 0 0 0 0 0 0 0 0 0 0 1.02516 0 0 0 0 0 0 0 0 0 0 0 0 0 0 0 0 0 0 0 0 0 0 0 0 0 0 0 0 0 0 0 0 0 0 0
6.83349e-22 -6.84142e-18 0 0 0 0 0 0 0 0 0 0 0 0 0 0 0 -4.19735e-19 0 -4.41792e-25 0 0 0 0 0 0 0 0 0 0 0 0 0 0 0 0 0 0 0 0 0 0 0 0 0 0 0 0 0 0 0 0 0 0 0 0 0 0 0 0 0 0 0 0 0 0 0 0 0 0 0 0 0 0 0 0 0 0 0 0 0 0 0 0 0 0 0 0 0 0 0 0 0 0 0 1.02523 0 0 0 0 0 0 0 0 0 0 0 0 0 0 0 0 0 0 0 0 0 0 0 0 0 0 0 0 0 0 0 0 0 0
0 9.27036e-21 -1.68775e-17 0 0 0 0 0 0 0 0 0 0 0 0 0 0 -2.62597e-18 0 -2.69787e-24 0 0 0 0 0 0 0 0 0 0 0 0 0 0 0 0 0 0 0 0 0 0 0 0 0 0 0 0 0 0 0 0 0 0 0 0 0 0 0 0 0 0 0 0 0 0 0 0 0 0 0 0 0 0 0 0 0 0 0 0 0 0 0 0 0 0 0 0 0 0 0 0 0 0 0 0 1.02506 0 0 0 0 0 0 0 0 0 0 0 0 0 0 0 0 0 0 0 0 0 0 0 0 0 0 0 0 0 0 0 0 0
0 0 3.76454e-20 -3.10323e-17 0 0 0 0 0 0 0 0 0 0 0 0 0 -3.8709e-18 0 -3.8794e-24 0 0 0 0 0 0 0 0 0 0 0 0 0 0 0 0 0 0 0 0 0 0 0 0 0 0 0 0 0 0 0 0 0 0 0 0 0 0 0 0 0 0 0 0 0 0 0 0 0 0 0 0 0 0 0 0 0 0 0 0 0 0 0 0 0 0 0 0 0 0 0 0 0 0 0 0 0 1.02504 0 0 0 0 0 0 0 0 0 0 0 0 0 0 0 0 0 0 0 0 0 0 0 0 0 0 0 0 0 0 0 0
0 0 0 2.34647e-20 -5.00702e-17 0 0 0 0 0 0 0 0 0 0 0 0 -1.71584e-18 0 -1.67746e-24 0 0 0 0 0 0 0 0 0 0 0 0 0 0 0 0 0 0 0 0 0 0 0 0 0 0 0 0 0 0 0 0 0 0 0 0 0 0 0 0 0 0 0 0 0 0 0 0 0 0 0 0 0 0 0 0 0 0 0 0 0 0 0 0 0 0 0 0 0 0 0 0 0 0 0 0 0 0 1.02514 0 0 0 0 0 0 0 0 0 0 0 0 0 0 0 0 0 0 0 0 0 0 0 0 0 0 0 0 0 0 0
0 0 0 0 1.24377e-20 -7.53043e-17 0 0 0 0 0 0 0 0 0 0 0 -5.77741e-19 0 -5.51212e-25 0 0 0 0 0 0 0 0 0 0 0 0 0 0 0 0 0 0 0 0 0 0 0 0 0 0 0 0 0 0 0 0 0 0 0 0 0 0 0 0 0 0 0 0 0 0 0 0 0 0 0 0 0 0 0 0 0 0 0 0 0 0 0 0 0 0 0 0 0 0 0 0 0 0 0 0 0 0 0 1.02516 0 0 0 0 0 0 0 0 0 0 0 0 0 0 0 0 0 0 0 0 0 0 0 0 0 0 0 0 0 0
3.65932e-23 -1.69307e-18 0 0 0 0 0 0 0 0 0 0 0 0 0 0 0 -1.04115e-19 0 -1.26586e-25 0 0 0 0 0 0 0 0 0 0 0 0 0 0 0 0 0 0 0 0 0 0 0 0 0 0 0 0 0 0 0 0 0 0 0 0 0 0 0 0 0 0 0 0 0 0 0 0 0 0 0 0 0 0 0 0 0 0 0 0 0 0 0 0 0 0 0 0 0 0 0 0 0 0 0 0 0 0 0 0 1.02517 0 0 0 0 0 0 0 0 0 0 0 0 0 0 0 0 0 0 0 0 0 0 0 0 0 0 0 0 0
0 5.32586e-22 -4.3187e-18 0 0 0 0 0 0 0 0 0 0 0 0 0 0 -6.72056e-19 0 -7.97313e-25 0 0 0 0 0 0 0 0 0 0 0 0 0 0 0 0 0 0 0 0 0 0 0 0 0 0 0 0 0 0 0 0 0 0 0 0 0 0 0 0 0 0 0 0 0 0 0 0 0 0 0 0 0 0 0 0 0 0 0 0 0 0 0 0 0 0 0 0 0 0 0 0 0 0 0 0 0 0 0 0 0 1.02513 0 0 0 0 0 0 0 0 0 0 0 0 0 0 0 0 0 0 0 0 0 0 0 0 0 0 0 0
0 0 2.31738e-21 -8.19354e-18 0 0 0 0 0 0 0 0 0 0 0 0 0 -1.02323e-18 0 -1.1845e-24 0 0 0 0 0 0 0 0 0 0 0 0 0 0 0 0 0 0 0 0 0 0 0 0 0 0 0 0 0 0 0 0 0 0 0 0 0 0 0 0 0 0 0 0 0 0 0 0 0 0 0 0 0 0 0 0 0 0 0 0 0 0 0 0 0 0 0 0 0 0 0 0 0 0 0 0 0 0 0 0 0 0 1.02512 0 0 0 0 0 0 0 0 0 0 0 0 0 0 0 0 0 0 0 0 0 0 0 0 0 0 0
0 0 0 1.555e-21 -1.37158e-17 0 0 0 0 0 0 0 0 0 0 0 0 -4.70628e-19 0 -5.31508e-25 0 0 0 0 0 0 0 0 0 0 0 0 0 0 0 0 0 0 0 0 0 0 0 0 0 0 0 0 0 0 0 0 0 0 0 0 0 0 0 0 0 0 0 0 0 0 0 0 0 0 0 0 0 0 0 0 0 0 0 0 0 0 0 0 0 0 0 0 0 0 0 0 0 0 0 0 0 0 0 0 0 0 0 1.02515 0 0 0 0 0 0 0 0 0 0 0 0 0 0 0 0 0 0 0 0 0 0 0 0 0 0
0 0 0 0 8.82912e-22 -2.1338e-17 0 0 0 0 0 0 0 0 0 0 0 -1.63797e-19 0 -1.80518e-25 0 0 0 0 0 0 0 0 0 0 0 0 0 0 0 0 0 0 0 0 0 0 0 0 0 0 0 0 0 0 0 0 0 0 0 0 0 0 0 0 0 0 0 0 0 0 0 0 0 0 0 0 0 0 0 0 0 0 0 0 0 0 0 0 0 0 0 0 0 0 0 0 0 0 0 0 0 0 0 0 0 0 0 0 1.02516 0 0 0 0 0 0 0 0 0 0 0 0 0 0 0 0 0 0 0 0 0 0 0 0 0
1.58898e-24 -3.78132e-19 0 0 0 0 0 0 0 0 0 0 0 0 0 0 0 -2.32651e-20 0 -3.23367e-26 0 0 0 0 0 0 0 0 0 0 0 0 0 0 0 0 0 0 0 0 0 0 0 0 0 0 0 0 0 0 0 0 0 0 0 0 0 0 0 0 0 0 0 0 0 0 0 0 0 0 0 0 0 0 0 0 0 0 0 0 0 0 0 0 0 0 0 0 0 0 0 0 0 0 0 0 0 0 0 0 0 0 0 0 0 1.02516 0 0 0 0 0 0 0 0 0 0 0 0 0 0 0 0 0 0 0 0 0 0 0 0
0 2.49806e-23 -1.00072e-18 0 0 0 0 0 0 0 0 0 0 0 0 0 0 -1.55734e-19 0 -2.1121e-25 0 0 0 0 0 0 0 0 0 0 0 0 0 0 0 0 0 0 0 0 0 0 0 0 0 0 0 0 0 0 0 0 0 0 0 0 0 0 0 0 0 0 0 0 0 0 0 0 0 0 0 0 0 0 0 0 0 0 0 0 0 0 0 0 0 0 0 0 0 0 0 0 0 0 0 0 0 0 0 0 0 0 0 0 0 0 1.02515 0 0 0 0 0 0 0 0 0 0 0 0 0 0 0 0 0 0 0 0 0 0 0
0 0 1.17254e-22 -1.96782e-18 0 0 0 0 0 0 0 0 0 0 0 0 0 -2.45815e-19 0 -3.25329e-25 0 0 0 0 0 0 0 0 0 0 0 0 0 0 0 0 0 0 0 0 0 0 0 0 0 0 0 0 0 0 0 0 0 0 0 0 0 0 0 0 0 0 0 0 0 0 0 0 0 0 0 0 0 0 0 0 0 0 0 0 0 0 0 0 0 0 0 0 0 0 0 0 0 0 0 0 0 0 0 0 0 0 0 0 0 0 0 1.02515 0 0 0 0 0 0 0 0 0 0 0 0 0 0 0 0 0 0 0 0 0 0
0 0 0 8.48368e-23 -3.41691e-18 0 0 0 0 0 0 0 0 0 0 0 0 -1.17282e-19 0 -1.51443e-25 0 0 0 0 0 0 0 0 0 0 0 0 0 0 0 0 0 0 0 0 0 0 0 0 0 0 0 0 0 0 0 0 0 0 0 0 0 0 0 0 0 0 0 0 0 0 0 0 0 0 0 0 0 0 0 0 0 0 0 0 0 0 0 0 0 0 0 0 0 0 0 0 0 0 0 0 0 0 0 0 0 0 0 0 0 0 0 0 1.02516 0 0 0 0 0 0 0 0 0 0 0 0 0 0 0 0 0 0 0 0 0
0 0 0 0 5.18144e-23 -5.50569e-18 0 0 0 0 0 0 0 0 0 0 0 -4.22695e-20 0 -5.32645e-26 0 0 0 0 0 0 0 0 0 0 0 0 0 0 0 0 0 0 0 0 0 0 0 0 0 0 0 0 0 0 0 0 0 0 0 0 0 0 0 0 0 0 0 0 0 0 0 0 0 0 0 0 0 0 0 0 0 0 0 0 0 0 0 0 0 0 0 0 0 0 0 0 0 0 0 0 0 0 0 0 0 0 0 0 0 0 0 0 0 1.02516 0 0 0 0 0 0 0 0 0 0 0 0 0 0 0 0 0 0 0 0
5.60827e-26 -7.62484e-20 0 0 0 0 0 0 0 0 0 0 0 0 0 0 0 -4.69178e-21 0 -7.39022e-27 0 0 0 0 0 0 0 0 0 0 0 0 0 0 0 0 0 0 0 0 0 0 0 0 0 0 0 0 0 0 0 0 0 0 0 0 0 0 0 0 0 0 0 0 0 0 0 0 0 0 0 0 0 0 0 0 0 0 0 0 0 0 0 0 0 0 0 0 0 0 0 0 0 0 0 0 0 0 0 0 0 0 0 0 0 0 0 0 0 0 1.02516 0 0 0 0 0 0 0 0 0 0 0 0 0 0 0 0 0 0 0
0 9.57683e-25 -2.09945e-19 0 0 0 0 0 0 0 0 0 0 0 0 0 0 -3.26722e-20 0 -5.02173e-26 0 0 0 0 0 0 0 0 0 0 0 0 0 0 0 0 0 0 0 0 0 0 0 0 0 0 0 0 0 0 0 0 0 0 0 0 0 0 0 0 0 0 0 0 0 0 0 0 0 0 0 0 0 0 0 0 0 0 0 0 0 0 0 0 0 0 0 0 0 0 0 0 0 0 0 0 0 0 0 0 0 0 0 0 0 0 0 0 0 0 0 1.02516 0 0 0 0 0 0 0 0 0 0 0 0 0 0 0 0 0 0
0 0 4.87173e-24 -4.29009e-19 0 0 0 0 0 0 0 0 0 0 0 0 0 -5.35939e-20 0 -8.0389e-26 0 0 0 0 0 0 0 0 0 0 0 0 0 0 0 0 0 0 0 0 0 0 0 0 0 0 0 0 0 0 0 0 0 0 0 0 0 0 0 0 0 0 0 0 0 0 0 0 0 0 0 0 0 0 0 0 0 0 0 0 0 0 0 0 0 0 0 0 0 0 0 0 0 0 0 0 0 0 0 0 0 0 0 0 0 0 0 0 0 0 0 0 1.02516 0 0 0 0 0 0 0 0 0 0 0 0 0 0 0 0 0
0 0 0 3.81563e-24 -7.74007e-19 0 0 0 0 0 0 0 0 0 0 0 0 -2.6569e-20 0 -3.88846e-26 0 0 0 0 0 0 0 0 0 0 0 0 0 0 0 0 0 0 0 0 0 0 0 0 0 0 0 0 0 0 0 0 0 0 0 0 0 0 0 0 0 0 0 0 0 0 0 0 0 0 0 0 0 0 0 0 0 0 0 0 0 0 0 0 0 0 0 0 0 0 0 0 0 0 0 0 0 0 0 0 0 0 0 0 0 0 0 0 0 0 0 0 0 1.02516 0 0 0 0 0 0 0 0 0 0 0 0 0 0 0 0
0 0 0 0 2.51764e-24 -1.29419e-18 0 0 0 0 0 0 0 0 0 0 0 -9.93638e-21 0 -1.41919e-26 0 0 0 0 0 0 0 0 0 0 0 0 0 0 0 0 0 0 0 0 0 0 0 0 0 0 0 0 0 0 0 0 0 0 0 0 0 0 0 0 0 0 0 0 0 0 0 0 0 0 0 0 0 0 0 0 0 0 0 0 0 0 0 0 0 0 0 0 0 0 0 0 0 0 0 0 0 0 0 0 0 0 0 0 0 0 0 0 0 0 0 0 0 0 1.02516 0 0 0 0 0 0 0 0 0 0 0 0 0 0 0
1.6107e-27 -1.38867e-20 0 0 0 0 0 0 0 0 0 0 0 0 0 0 0 -8.54504e-22 0 -1.51385e-27 0 0 0 0 0 0 0 0 0 0 0 0 0 0 0 0 0 0 0 0 0 0 0 0 0 0 0 0 0 0 0 0 0 0 0 0 0 0 0 0 0 0 0 0 0 0 0 0 0 0 0 0 0 0 0 0 0 0 0 0 0 0 0 0 0 0 0 0 0 0 0 0 0 0 0 0 0 0 0 0 0 0 0 0 0 0 0 0 0 0 0 0 0 0 0 1.02516 0 0 0 0 0 0 0 0 0 0 0 0 0 0
0 3.00265e-26 -3.98811e-20 0 0 0 0 0 0 0 0 0 0 0 0 0 0 -6.20642e-21 0 -1.07295e-26 0 0 0 0 0 0 0 0 0 0 0 0 0 0 0 0 0 0 0 0 0 0 0 0 0 0 0 0 0 0 0 0 0 0 0 0 0 0 0 0 0 0 0 0 0 0 0 0 0 0 0 0 0 0 0 0 0 0 0 0 0 0 0 0 0 0 0 0 0 0 0 0 0 0 0 0 0 0 0 0 0 0 0 0 0 0 0 0 0 0 0 0 0 0 0 0 1.02516 0 0 0 0 0 0 0 0 0 0 0 0 0
0 0 1.66266e-25 -8.48772e-20 0 0 0 0 0 0 0 0 0 0 0 0 0 -1.06034e-20 0 -1.78897e-26 0 0 0 0 0 0 0 0 0 0 0 0 0 0 0 0 0 0 0 0 0 0 0 0 0 0 0 0 0 0 0 0 0 0 0 0 0 0 0 0 0 0 0 0 0 0 0 0 0 0 0 0 0 0 0 0 0 0 0 0 0 0 0 0 0 0 0 0 0 0 0 0 0 0 0 0 0 0 0 0 0 0 0 0 0 0 0 0 0 0 0 0 0 0 0 0 0 1.02516 0 0 0 0 0 0 0 0 0 0 0 0
0 0 0 1.41551e-25 -1.59427e-19 0 0 0 0 0 0 0 0 0 0 0 0 -5.47265e-21 0 -9.00935e-27 0 0 0 0 0 0 0 0 0 0 0 0 0 0 0 0 0 0 0 0 0 0 0 0 0 0 0 0 0 0 0 0 0 0 0 0 0 0 0 0 0 0 0 0 0 0 0 0 0 0 0 0 0 0 0 0 0 0 0 0 0 0 0 0 0 0 0 0 0 0 0 0 0 0 0 0 0 0 0 0 0 0 0 0 0 0 0 0 0 0 0 0 0 0 0 0 0 0 1.02516 0 0 0 0 0 0 0 0 0 0 0
0 0 0 0 1.01331e-25 -2.77187e-19 0 0 0 0 0 0 0 0 0 0 0 -2.12817e-21 0 -3.41921e-27 0 0 0 0 0 0 0 0 0 0 0 0 0 0 0 0 0 0 0 0 0 0 0 0 0 0 0 0 0 0 0 0 0 0 0 0 0 0 0 0 0 0 0 0 0 0 0 0 0 0 0 0 0 0 0 0 0 0 0 0 0 0 0 0 0 0 0 0 0 0 0 0 0 0 0 0 0 0 0 0 0 0 0 0 0 0 0 0 0 0 0 0 0 0 0 0 0 0 0 1.02516 0 0 0 0 0 0 0 0 0 0
3.76456e-29 -2.28428e-21 0 0 0 0 0 0 0 0 0 0 0 0 0 0 0 -1.40561e-22 0 -2.7823e-28 0 0 0 0 0 0 0 0 0 0 0 0 0 0 0 0 0 0 0 0 0 0 0 0 0 0 0 0 0 0 0 0 0 0 0 0 0 0 0 0 0 0 0 0 0 0 0 0 0 0 0 0 0 0 0 0 0 0 0 0 0 0 0 0 0 0 0 0 0 0 0 0 0 0 0 0 0 0 0 0 0 0 0 0 0 0 0 0 0 0 0 0 0 0 0 0 0 0 0 0 1.02516 0 0 0 0 0 0 0 0 0
0 7.69576e-28 -6.85766e-21 0 0 0 0 0 0 0 0 0 0 0 0 0 0 -1.06721e-21 0 -2.06143e-27 0 0 0 0 0 0 0 0 0 0 0 0 0 0 0 0 0 0 0 0 0 0 0 0 0 0 0 0 0 0 0 0 0 0 0 0 0 0 0 0 0 0 0 0 0 0 0 0 0 0 0 0 0 0 0 0 0 0 0 0 0 0 0 0 0 0 0 0 0 0 0 0 0 0 0 0 0 0 0 0 0 0 0 0 0 0 0 0 0 0 0 0 0 0 0 0 0 0 0 0 0 1.02516 0 0 0 0 0 0 0 0
0 0 4.66292e-27 -1.52403e-20 0 0 0 0 0 0 0 0 0 0 0 0 0 -1.90391e-21 0 -3.58919e-27 0 0 0 0 0 0 0 0 0 0 0 0 0 0 0 0 0 0 0 0 0 0 0 0 0 0 0 0 0 0 0 0 0 0 0 0 0 0 0 0 0 0 0 0 0 0 0 0 0 0 0 0 0 0 0 0 0 0 0 0 0 0 0 0 0 0 0 0 0 0 0 0 0 0 0 0 0 0 0 0 0 0 0 0 0 0 0 0 0 0 0 0 0 0 0 0 0 0 0 0 0 0 1.02516 0 0 0 0 0 0 0
0 0 0 4.33455e-27 -2.98685e-20 0 0 0 0 0 0 0 0 0 0 0 0 -1.0253e-21 0 -1.88602e-27 0 0 0 0 0 0 0 0 0 0 0 0 0 0 0 0 0 0 0 0 0 0 0 0 0 0 0 0 0 0 0 0 0 0 0 0 0 0 0 0 0 0 0 0 0 0 0 0 0 0 0 0 0 0 0 0 0 0 0 0 0 0 0 0 0 0 0 0 0 0 0 0 0 0 0 0 0 0 0 0 0 0 0 0 0 0 0 0 0 0 0 0 0 0 0 0 0 0 0 0 0 0 0 1.02516 0 0 0 0 0 0
0 0 0 0 3.38021e-27 -5.41063e-20 0 0 0 0 0 0 0 0 0 0 0 -4.15415e-22 0 -7.45778e-28 0 0 0 0 0 0 0 0 0 0 0 0 0 0 0 0 0 0 0 0 0 0 0 0 0 0 0 0 0 0 0 0 0 0 0 0 0 0 0 0 0 0 0 0 0 0 0 0 0 0 0 0 0 0 0 0 0 0 0 0 0 0 0 0 0 0 0 0 0 0 0 0 0 0 0 0 0 0 0 0 0 0 0 0 0 0 0 0 0 0 0 0 0 0 0 0 0 0 0 0 0 0 0 0 1.02516 0 0 0 0 0
7.17244e-31 -3.39662e-22 0 0 0 0 0 0 0 0 0 0 0 0 0 0 0 -2.09008e-23 0 -4.59537e-29 0 0 0 0 0 0 0 0 0 0 0 0 0 0 0 0 0 0 0 0 0 0 0 0 0 0 0 0 0 0 0 0 0 0 0 0 0 0 0 0 0 0 0 0 0 0 0 0 0 0 0 0 0 0 0 0 0 0 0 0 0 0 0 0 0 0 0 0 0 0 0 0 0 0 0 0 0 0 0 0 0 0 0 0 0 0 0 0 0 0 0 0 0 0 0 0 0 0 0 0 0 0 0 0 0 1.02516 0 0 0 0
0 1.61478e-29 -1.0682e-21 0 0 0 0 0 0 0 0 0 0 0 0 0 0 -1.66237e-22 0 -3.56672e-28 0 0 0 0 0 0 0 0 0 0 0 0 0 0 0 0 0 0 0 0 0 0 0 0 0 0 0 0 0 0 0 0 0 0 0 0 0 0 0 0 0 0 0 0 0 0 0 0 0 0 0 0 0 0 0 0 0 0 0 0 0 0 0 0 0 0 0 0 0 0 0 0 0 0 0 0 0 0 0 0 0 0 0 0 0 0 0 0 0 0 0 0 0 0 0 0 0 0 0 0 0 0 0 0 0 0 1.02516 0 0 0
0 0 1.07494e-28 -2.48386e-21 0 0 0 0 0 0 0 0 0 0 0 0 0 -3.10301e-22 0 -6.49772e-28 0 0 0 0 0 0 0 0 0 0 0 0 0 0 0 0 0 0 0 0 0 0 0 0 0 0 0 0 0 0 0 0 0 0 0 0 0 0 0 0 0 0 0 0 0 0 0 0 0 0 0 0 0 0 0 0 0 0 0 0 0 0 0 0 0 0 0 0 0 0 0 0 0 0 0 0 0 0 0 0 0 0 0 0 0 0 0 0 0 0 0 0 0 0 0 0 0 0 0 0 0 0 0 0 0 0 0 1.02516 0 0
0 0 0 1.09604e-28 -5.09073e-21 0 0 0 0 0 0 0 0 0 0 0 0 -1.7475e-22 0 -3.57066e-28 0 0 0 0 0 0 0 0 0 0 0 0 0 0 0 0 0 0 0 0 0 0 0 0 0 0 0 0 0 0 0 0 0 0 0 0 0 0 0 0 0 0 0 0 0 0 0 0 0 0 0 0 0 0 0 0 0 0 0 0 0 0 0 0 0 0 0 0 0 0 0 0 0 0 0 0 0 0 0 0 0 0 0 0 0 0 0 0 0 0 0 0 0 0 0 0 0 0 0 0 0 0 0 0 0 0 0 0 1.02516 0
0 0 0 0 9.35515e-29 -9.63052e-21 0 0 0 0 0 0 0 0 0 0 0 -7.39407e-23 0 -1.47453e-28 0 0 0 0 0 0 0 0 0 0 0 0 0 0 0 0 0 0 0 0 0 0 0 0 0 0 0 0 0 0 0 0 0 0 0 0 0 0 0 0 0 0 0 0 0 0 0 0 0 0 0 0 0 0 0 0 0 0 0 0 0 0 0 0 0 0 0 0 0 0 0 0 0 0 0 0 0 0 0 0 0 0 0 0 0 0 0 0 0 0 0 0 0 0 0 0 0 0 0 0 0 0 0 0 0 0 0 0 0 1.02516
