153 153
314314 0 0 -86857.9 56340.2 0 -35149.6 93732.1 -35149.6 -35149.6 -93732.1 35149.6 -86857.9 -56340.2 0 -35149.6 -93732.1 -35149.6 -35149.6 93732.1 35149.6 0 0 0 0 0 0 0 0 0 0 0 0 0 0 0 0 0 0 0 0 0 0 0 0 0 0 0 0 0 0 0 0 0 0 0 0 0 0 0 0 0 0 0 0 0 0 0 0 0 0 0 0 0 0 0 0 0 0 0 0 0 0 0 0 0 0 0 0 0 0 0 0 0 0 0 0 0 0 0 0 0 0 0 0 0 0 0 0 0 0 0 0 0 0 0 0 0 0 0 0 0 0 0 0 0 0 0 0 0 0 0 0 0 0 0 0 0 0 0 0 0 0 0 0 0 0 0 0 0 0 0 0
0 1.0729e+06 4.65661e-10 56340.2 -36545 0 93732.1 -249952 93732.1 -93732.1 -249952 93732.1 -56340.2 -36545 0 -93732.1 -249952 -93732.1 93732.1 -249952 -93732.1 0 0 0 0 0 0 0 0 0 0 0 0 0 0 0 0 0 0 0 0 0 0 0 0 0 0 0 0 0 0 0 0 0 0 0 0 0 0 0 0 0 0 0 0 0 0 0 0 0 0 0 0 0 0 0 0 0 0 0 0 0 0 0 0 0 0 0 0 0 0 0 0 0 0 0 0 0 0 0 0 0 0 0 0 0 0 0 0 0 0 0 0 0 0 0 0 0 0 0 0 0 0 0 0 0 0 0 0 0 0 0 0 0 0 0 0 0 0 0 0 0 0 0 0 0 0 0 0 0 0 0 0
0 4.65661e-10 140598 0 0 0 -35149.6 93732.1 -35149.6 35149.6 93732.1 -35149.6 0 0 0 -35149.6 -93732.1 -35149.6 35149.6 -93732.1 -35149.6 0 0 0 0 0 0 0 0 0 0 0 0 0 0 0 0 0 0 0 0 0 0 0 0 0 0 0 0 0 0 0 0 0 0 0 0 0 0 0 0 0 0 0 0 0 0 0 0 0 0 0 0 0 0 0 0 0 0 0 0 0 0 0 0 0 0 0 0 0 0 0 0 0 0 0 0 0 0 0 0 0 0 0 0 0 0 0 0 0 0 0 0 0 0 0 0 0 0 0 0 0 0 0 0 0 0 0 0 0 0 0 0 0 0 0 0 0 0 0 0 0 0 0 0 0 0 0 0 0 0 0 0
-86857.9 56340.2 0 569454 -56340.2 0 -241298 0 77560.1 0 0 0 0 0 0 0 0 0 -241298 0 -77560.1 0 0 0 0 0 0 0 0 0 0 0 0 0 0 0 0 0 0 0 0 0 0 0 0 0 0 0 0 0 0 0 0 0 0 0 0 0 0 0 0 0 0 0 0 0 0 0 0 0 0 0 0 0 0 0 0 0 0 0 0 0 0 0 0 0 0 0 0 0 0 0 0 0 0 0 0 0 0 0 0 0 0 0 0 0 0 0 0 0 0 0 0 0 0 0 0 0 0 0 0 0 0 0 0 0 0 0 0 0 0 0 0 0 0 0 0 0 0 0 0 0 0 0 0 0 0 0 0 0 0 0 0
56340.2 -36545 0 -56340.2 36545 0 0 0 0 0 0 0 0 0 0 0 0 0 0 0 0 0 0 0 0 0 0 0 0 0 0 0 0 0 0 0 0 0 0 0 0 0 0 0 0 0 0 0 0 0 0 0 0 0 0 0 0 0 0 0 0 0 0 0 0 0 0 0 0 0 0 0 0 0 0 0 0 0 0 0 0 0 0 0 0 0 0 0 0 0 0 0 0 0 0 0 0 0 0 0 0 0 0 0 0 0 0 0 0 0 0 0 0 0 0 0 0 0 0 0 0 0 0 0 0 0 0 0 0 0 0 0 0 0 0 0 0 0 0 0 0 0 0 0 0 0 0 0 0 0 0 0 0
0 0 0 0 0 49860 77560.1 0 -24930 0 0 0 0 0 0 0 0 0 -77560.1 0 -24930 0 0 0 0 0 0 0 0 0 0 0 0 0 0 0 0 0 0 0 0 0 0 0 0 0 0 0 0 0 0 0 0 0 0 0 0 0 0 0 0 0 0 0 0 0 0 0 0 0 0 0 0 0 0 0 0 0 0 0 0 0 0 0 0 0 0 0 0 0 0 0 0 0 0 0 0 0 0 0 0 0 0 0 0 0 0 0 0 0 0 0 0 0 0 0 0 0 0 0 0 0 0 0 0 0 0 0 0 0 0 0 0 0 0 0 0 0 0 0 0 0 0 0 0 0 0 0 0 0 0 0 0
-35149.6 93732.1 -35149.6 -241298 0 77560.1 830286 11901.7 -42410.5 -435000 0 0 0 0 0 0 0 0 0 0 0 0 0 0 -118838 -105634 0 0 0 0 0 0 0 0 0 0 0 0 0 0 0 0 0 0 0 0 0 0 0 0 0 0 0 0 0 0 0 0 0 0 0 0 0 0 0 0 0 0 0 0 0 0 0 0 0 0 0 0 0 0 0 0 0 0 0 0 0 0 0 0 0 0 0 0 0 0 0 0 0 0 0 0 0 0 0 0 0 0 0 0 0 0 0 0 0 0 0 0 0 0 0 0 0 0 0 0 0 0 0 0 0 0 0 0 0 0 0 0 0 0 0 0 0 0 0 0 0 0 0 0 0 0 0
93732.1 -249952 93732.1 0 0 0 11901.7 1.60983e+06 11901.7 0 0 0 0 0 0 0 0 0 0 0 0 0 -1.17208e+06 0 -105634 -93896.8 0 0 0 0 0 -93896.8 -105634 0 0 0 0 0 0 0 0 0 0 0 0 0 0 0 0 0 0 0 0 0 0 0 0 0 0 0 0 0 0 0 0 0 0 0 0 0 0 0 0 0 0 0 0 0 0 0 0 0 0 0 0 0 0 0 0 0 0 0 0 0 0 0 0 0 0 0 0 0 0 0 0 0 0 0 0 0 0 0 0 0 0 0 0 0 0 0 0 0 0 0 0 0 0 0 0 0 0 0 0 0 0 0 0 0 0 0 0 0 0 0 0 0 0 0 0 0 0 0 0
-35149.6 93732.1 -35149.6 77560.1 0 -24930 -42410.5 11901.7 560214 0 0 0 0 0 0 0 0 0 0 0 -381296 0 0 0 0 0 0 0 0 0 0 -105634 -118838 0 0 0 0 0 0 0 0 0 0 0 0 0 0 0 0 0 0 0 0 0 0 0 0 0 0 0 0 0 0 0 0 0 0 0 0 0 0 0 0 0 0 0 0 0 0 0 0 0 0 0 0 0 0 0 0 0 0 0 0 0 0 0 0 0 0 0 0 0 0 0 0 0 0 0 0 0 0 0 0 0 0 0 0 0 0 0 0 0 0 0 0 0 0 0 0 0 0 0 0 0 0 0 0 0 0 0 0 0 0 0 0 0 0 0 0 0 0 0 0
-35149.6 -93732.1 35149.6 0 0 0 -435000 0 0 965094 -11901.7 -92398.1 -241298 0 -77560.1 0 0 0 -134809 0 134809 -118838 105634 0 0 0 0 0 0 0 0 0 0 0 0 0 0 0 0 0 0 0 0 0 0 0 0 0 0 0 0 0 0 0 0 0 0 0 0 0 0 0 0 0 0 0 0 0 0 0 0 0 0 0 0 0 0 0 0 0 0 0 0 0 0 0 0 0 0 0 0 0 0 0 0 0 0 0 0 0 0 0 0 0 0 0 0 0 0 0 0 0 0 0 0 0 0 0 0 0 0 0 0 0 0 0 0 0 0 0 0 0 0 0 0 0 0 0 0 0 0 0 0 0 0 0 0 0 0 0 0 0 0
-93732.1 -249952 93732.1 0 0 0 0 0 0 -11901.7 1.60983e+06 11901.7 0 0 0 0 0 0 0 0 0 105634 -93896.8 0 0 -1.17208e+06 0 0 -93896.8 -105634 0 0 0 0 0 0 0 0 0 0 0 0 0 0 0 0 0 0 0 0 0 0 0 0 0 0 0 0 0 0 0 0 0 0 0 0 0 0 0 0 0 0 0 0 0 0 0 0 0 0 0 0 0 0 0 0 0 0 0 0 0 0 0 0 0 0 0 0 0 0 0 0 0 0 0 0 0 0 0 0 0 0 0 0 0 0 0 0 0 0 0 0 0 0 0 0 0 0 0 0 0 0 0 0 0 0 0 0 0 0 0 0 0 0 0 0 0 0 0 0 0 0 0
35149.6 93732.1 -35149.6 0 0 0 0 0 0 -92398.1 11901.7 695022 -77560.1 0 -24930 0 0 -381296 134809 0 -134809 0 0 0 0 0 0 0 -105634 -118838 0 0 0 0 0 0 0 0 0 0 0 0 0 0 0 0 0 0 0 0 0 0 0 0 0 0 0 0 0 0 0 0 0 0 0 0 0 0 0 0 0 0 0 0 0 0 0 0 0 0 0 0 0 0 0 0 0 0 0 0 0 0 0 0 0 0 0 0 0 0 0 0 0 0 0 0 0 0 0 0 0 0 0 0 0 0 0 0 0 0 0 0 0 0 0 0 0 0 0 0 0 0 0 0 0 0 0 0 0 0 0 0 0 0 0 0 0 0 0 0 0 0 0
-86857.9 -56340.2 0 0 0 0 0 0 0 -241298 0 -77560.1 569454 56340.2 0 -241298 0 77560.1 0 0 0 0 0 0 0 0 0 0 0 0 0 0 0 0 0 0 0 0 0 0 0 0 0 0 0 0 0 0 0 0 0 0 0 0 0 0 0 0 0 0 0 0 0 0 0 0 0 0 0 0 0 0 0 0 0 0 0 0 0 0 0 0 0 0 0 0 0 0 0 0 0 0 0 0 0 0 0 0 0 0 0 0 0 0 0 0 0 0 0 0 0 0 0 0 0 0 0 0 0 0 0 0 0 0 0 0 0 0 0 0 0 0 0 0 0 0 0 0 0 0 0 0 0 0 0 0 0 0 0 0 0 0 0
-56340.2 -36545 0 0 0 0 0 0 0 0 0 0 56340.2 36545 0 0 0 0 0 0 0 0 0 0 0 0 0 0 0 0 0 0 0 0 0 0 0 0 0 0 0 0 0 0 0 0 0 0 0 0 0 0 0 0 0 0 0 0 0 0 0 0 0 0 0 0 0 0 0 0 0 0 0 0 0 0 0 0 0 0 0 0 0 0 0 0 0 0 0 0 0 0 0 0 0 0 0 0 0 0 0 0 0 0 0 0 0 0 0 0 0 0 0 0 0 0 0 0 0 0 0 0 0 0 0 0 0 0 0 0 0 0 0 0 0 0 0 0 0 0 0 0 0 0 0 0 0 0 0 0 0 0 0
0 0 0 0 0 0 0 0 0 -77560.1 0 -24930 0 0 49860 77560.1 0 -24930 0 0 0 0 0 0 0 0 0 0 0 0 0 0 0 0 0 0 0 0 0 0 0 0 0 0 0 0 0 0 0 0 0 0 0 0 0 0 0 0 0 0 0 0 0 0 0 0 0 0 0 0 0 0 0 0 0 0 0 0 0 0 0 0 0 0 0 0 0 0 0 0 0 0 0 0 0 0 0 0 0 0 0 0 0 0 0 0 0 0 0 0 0 0 0 0 0 0 0 0 0 0 0 0 0 0 0 0 0 0 0 0 0 0 0 0 0 0 0 0 0 0 0 0 0 0 0 0 0 0 0 0 0 0 0
-35149.6 -93732.1 -35149.6 0 0 0 0 0 0 0 0 0 -241298 0 77560.1 830286 -11901.7 -42410.5 -435000 0 0 0 0 0 0 0 0 0 0 0 -118838 105634 0 0 0 0 0 0 0 0 0 0 0 0 0 0 0 0 0 0 0 0 0 0 0 0 0 0 0 0 0 0 0 0 0 0 0 0 0 0 0 0 0 0 0 0 0 0 0 0 0 0 0 0 0 0 0 0 0 0 0 0 0 0 0 0 0 0 0 0 0 0 0 0 0 0 0 0 0 0 0 0 0 0 0 0 0 0 0 0 0 0 0 0 0 0 0 0 0 0 0 0 0 0 0 0 0 0 0 0 0 0 0 0 0 0 0 0 0 0 0 0 0
-93732.1 -249952 -93732.1 0 0 0 0 0 0 0 0 0 0 0 0 -11901.7 1.60983e+06 -11901.7 0 0 0 0 0 0 0 -93896.8 105634 0 -1.17208e+06 0 105634 -93896.8 0 0 0 0 0 0 0 0 0 0 0 0 0 0 0 0 0 0 0 0 0 0 0 0 0 0 0 0 0 0 0 0 0 0 0 0 0 0 0 0 0 0 0 0 0 0 0 0 0 0 0 0 0 0 0 0 0 0 0 0 0 0 0 0 0 0 0 0 0 0 0 0 0 0 0 0 0 0 0 0 0 0 0 0 0 0 0 0 0 0 0 0 0 0 0 0 0 0 0 0 0 0 0 0 0 0 0 0 0 0 0 0 0 0 0 0 0 0 0 0 0
-35149.6 -93732.1 -35149.6 0 0 0 0 0 0 0 0 -381296 77560.1 0 -24930 -42410.5 -11901.7 560214 0 0 0 0 0 0 0 105634 -118838 0 0 0 0 0 0 0 0 0 0 0 0 0 0 0 0 0 0 0 0 0 0 0 0 0 0 0 0 0 0 0 0 0 0 0 0 0 0 0 0 0 0 0 0 0 0 0 0 0 0 0 0 0 0 0 0 0 0 0 0 0 0 0 0 0 0 0 0 0 0 0 0 0 0 0 0 0 0 0 0 0 0 0 0 0 0 0 0 0 0 0 0 0 0 0 0 0 0 0 0 0 0 0 0 0 0 0 0 0 0 0 0 0 0 0 0 0 0 0 0 0 0 0 0 0 0
-35149.6 93732.1 35149.6 -241298 0 -77560.1 0 0 0 -134809 0 134809 0 0 0 -435000 0 0 965094 11901.7 -92398.1 0 0 0 0 0 0 -118838 -105634 0 0 0 0 0 0 0 0 0 0 0 0 0 0 0 0 0 0 0 0 0 0 0 0 0 0 0 0 0 0 0 0 0 0 0 0 0 0 0 0 0 0 0 0 0 0 0 0 0 0 0 0 0 0 0 0 0 0 0 0 0 0 0 0 0 0 0 0 0 0 0 0 0 0 0 0 0 0 0 0 0 0 0 0 0 0 0 0 0 0 0 0 0 0 0 0 0 0 0 0 0 0 0 0 0 0 0 0 0 0 0 0 0 0 0 0 0 0 0 0 0 0 0 0
93732.1 -249952 -93732.1 0 0 0 0 0 0 0 0 0 0 0 0 0 0 0 11901.7 1.60983e+06 -11901.7 0 -93896.8 105634 0 0 0 -105634 -93896.8 0 0 -1.17208e+06 0 0 0 0 0 0 0 0 0 0 0 0 0 0 0 0 0 0 0 0 0 0 0 0 0 0 0 0 0 0 0 0 0 0 0 0 0 0 0 0 0 0 0 0 0 0 0 0 0 0 0 0 0 0 0 0 0 0 0 0 0 0 0 0 0 0 0 0 0 0 0 0 0 0 0 0 0 0 0 0 0 0 0 0 0 0 0 0 0 0 0 0 0 0 0 0 0 0 0 0 0 0 0 0 0 0 0 0 0 0 0 0 0 0 0 0 0 0 0 0 0
35149.6 -93732.1 -35149.6 -77560.1 0 -24930 0 0 -381296 134809 0 -134809 0 0 0 0 0 0 -92398.1 -11901.7 695022 0 105634 -118838 0 0 0 0 0 0 0 0 0 0 0 0 0 0 0 0 0 0 0 0 0 0 0 0 0 0 0 0 0 0 0 0 0 0 0 0 0 0 0 0 0 0 0 0 0 0 0 0 0 0 0 0 0 0 0 0 0 0 0 0 0 0 0 0 0 0 0 0 0 0 0 0 0 0 0 0 0 0 0 0 0 0 0 0 0 0 0 0 0 0 0 0 0 0 0 0 0 0 0 0 0 0 0 0 0 0 0 0 0 0 0 0 0 0 0 0 0 0 0 0 0 0 0 0 0 0 0 0 0
0 0 0 0 0 0 0 0 0 -118838 105634 0 0 0 0 0 0 0 0 0 0 291023 -23709.7 -13336.7 0 0 0 0 0 0 0 0 0 -53346.8 23709.7 13336.7 0 0 0 -118838 -105634 0 0 0 0 0 0 0 0 0 0 0 0 0 0 0 0 0 0 0 0 0 0 0 0 0 0 0 0 0 0 0 0 0 0 0 0 0 0 0 0 0 0 0 0 0 0 0 0 0 0 0 0 0 0 0 0 0 0 0 0 0 0 0 0 0 0 0 0 0 0 0 0 0 0 0 0 0 0 0 0 0 0 0 0 0 0 0 0 0 0 0 0 0 0 0 0 0 0 0 0 0 0 0 0 0 0 0 0 0 0 0 0
0 0 0 0 0 0 0 -1.17208e+06 0 105634 -93896.8 0 0 0 0 0 0 0 0 -93896.8 105634 -23709.7 2.73029e+06 5927.43 0 0 0 0 0 0 0 0 0 23709.7 -10537.6 -5927.43 0 -1.17208e+06 0 -105634 -93896.8 0 0 0 0 0 0 0 0 -93896.8 -105634 0 0 0 0 0 0 0 0 0 0 0 0 0 0 0 0 0 0 0 0 0 0 0 0 0 0 0 0 0 0 0 0 0 0 0 0 0 0 0 0 0 0 0 0 0 0 0 0 0 0 0 0 0 0 0 0 0 0 0 0 0 0 0 0 0 0 0 0 0 0 0 0 0 0 0 0 0 0 0 0 0 0 0 0 0 0 0 0 0 0 0 0 0 0 0 0 0 0 0 0 0 0
0 0 0 0 0 0 0 0 0 0 0 0 0 0 0 0 0 0 0 105634 -118838 -13336.7 5927.43 241010 0 0 0 0 0 0 0 0 0 13336.7 -5927.43 -3334.18 0 0 0 0 0 0 0 0 0 0 0 0 0 -105634 -118838 0 0 0 0 0 0 0 0 0 0 0 0 0 0 0 0 0 0 0 0 0 0 0 0 0 0 0 0 0 0 0 0 0 0 0 0 0 0 0 0 0 0 0 0 0 0 0 0 0 0 0 0 0 0 0 0 0 0 0 0 0 0 0 0 0 0 0 0 0 0 0 0 0 0 0 0 0 0 0 0 0 0 0 0 0 0 0 0 0 0 0 0 0 0 0 0 0 0 0 0 0 0
0 0 0 0 0 0 -118838 -105634 0 0 0 0 0 0 0 0 0 0 0 0 0 0 0 0 291023 23709.7 13336.7 0 0 0 0 0 0 0 0 0 -118838 105634 0 0 0 0 -53346.8 -23709.7 -13336.7 0 0 0 0 0 0 0 0 0 0 0 0 0 0 0 0 0 0 0 0 0 0 0 0 0 0 0 0 0 0 0 0 0 0 0 0 0 0 0 0 0 0 0 0 0 0 0 0 0 0 0 0 0 0 0 0 0 0 0 0 0 0 0 0 0 0 0 0 0 0 0 0 0 0 0 0 0 0 0 0 0 0 0 0 0 0 0 0 0 0 0 0 0 0 0 0 0 0 0 0 0 0 0 0 0 0 0 0
0 0 0 0 0 0 -105634 -93896.8 0 0 -1.17208e+06 0 0 0 0 0 -93896.8 105634 0 0 0 0 0 0 23709.7 2.73029e+06 5927.43 0 0 0 0 0 0 0 0 0 105634 -93896.8 0 0 -1.17208e+06 0 -23709.7 -10537.6 -5927.43 0 -93896.8 -105634 0 0 0 0 0 0 0 0 0 0 0 0 0 0 0 0 0 0 0 0 0 0 0 0 0 0 0 0 0 0 0 0 0 0 0 0 0 0 0 0 0 0 0 0 0 0 0 0 0 0 0 0 0 0 0 0 0 0 0 0 0 0 0 0 0 0 0 0 0 0 0 0 0 0 0 0 0 0 0 0 0 0 0 0 0 0 0 0 0 0 0 0 0 0 0 0 0 0 0 0 0 0 0 0 0
0 0 0 0 0 0 0 0 0 0 0 0 0 0 0 0 105634 -118838 0 0 0 0 0 0 13336.7 5927.43 241010 0 0 0 0 0 0 0 0 0 0 0 0 0 0 0 -13336.7 -5927.43 -3334.18 0 -105634 -118838 0 0 0 0 0 0 0 0 0 0 0 0 0 0 0 0 0 0 0 0 0 0 0 0 0 0 0 0 0 0 0 0 0 0 0 0 0 0 0 0 0 0 0 0 0 0 0 0 0 0 0 0 0 0 0 0 0 0 0 0 0 0 0 0 0 0 0 0 0 0 0 0 0 0 0 0 0 0 0 0 0 0 0 0 0 0 0 0 0 0 0 0 0 0 0 0 0 0 0 0 0 0 0 0 0
0 0 0 0 0 0 0 0 0 0 0 0 0 0 0 0 0 0 -118838 -105634 0 0 0 0 0 0 0 291023 23709.7 -13336.7 0 0 0 0 0 0 0 0 0 0 0 0 -53346.8 -23709.7 13336.7 0 0 0 -118838 105634 0 0 0 0 0 0 0 0 0 0 0 0 0 0 0 0 0 0 0 0 0 0 0 0 0 0 0 0 0 0 0 0 0 0 0 0 0 0 0 0 0 0 0 0 0 0 0 0 0 0 0 0 0 0 0 0 0 0 0 0 0 0 0 0 0 0 0 0 0 0 0 0 0 0 0 0 0 0 0 0 0 0 0 0 0 0 0 0 0 0 0 0 0 0 0 0 0 0 0 0 0 0 0
0 0 0 0 0 0 0 0 0 0 -93896.8 -105634 0 0 0 0 -1.17208e+06 0 -105634 -93896.8 0 0 0 0 0 0 0 23709.7 2.73029e+06 -5927.43 0 0 0 0 0 0 0 0 0 0 -93896.8 105634 -23709.7 -10537.6 5927.43 0 -1.17208e+06 0 105634 -93896.8 0 0 0 0 0 0 0 0 0 0 0 0 0 0 0 0 0 0 0 0 0 0 0 0 0 0 0 0 0 0 0 0 0 0 0 0 0 0 0 0 0 0 0 0 0 0 0 0 0 0 0 0 0 0 0 0 0 0 0 0 0 0 0 0 0 0 0 0 0 0 0 0 0 0 0 0 0 0 0 0 0 0 0 0 0 0 0 0 0 0 0 0 0 0 0 0 0 0 0 0 0 0 0
0 0 0 0 0 0 0 0 0 0 -105634 -118838 0 0 0 0 0 0 0 0 0 0 0 0 0 0 0 -13336.7 -5927.43 241010 0 0 0 0 0 0 0 0 0 0 105634 -118838 13336.7 5927.43 -3334.18 0 0 0 0 0 0 0 0 0 0 0 0 0 0 0 0 0 0 0 0 0 0 0 0 0 0 0 0 0 0 0 0 0 0 0 0 0 0 0 0 0 0 0 0 0 0 0 0 0 0 0 0 0 0 0 0 0 0 0 0 0 0 0 0 0 0 0 0 0 0 0 0 0 0 0 0 0 0 0 0 0 0 0 0 0 0 0 0 0 0 0 0 0 0 0 0 0 0 0 0 0 0 0 0 0 0 0 0
0 0 0 0 0 0 0 0 0 0 0 0 0 0 0 -118838 105634 0 0 0 0 0 0 0 0 0 0 0 0 0 291023 -23709.7 13336.7 -53346.8 23709.7 -13336.7 0 0 0 0 0 0 0 0 0 -118838 -105634 0 0 0 0 0 0 0 0 0 0 0 0 0 0 0 0 0 0 0 0 0 0 0 0 0 0 0 0 0 0 0 0 0 0 0 0 0 0 0 0 0 0 0 0 0 0 0 0 0 0 0 0 0 0 0 0 0 0 0 0 0 0 0 0 0 0 0 0 0 0 0 0 0 0 0 0 0 0 0 0 0 0 0 0 0 0 0 0 0 0 0 0 0 0 0 0 0 0 0 0 0 0 0 0 0 0
0 0 0 0 0 0 0 -93896.8 -105634 0 0 0 0 0 0 105634 -93896.8 0 0 -1.17208e+06 0 0 0 0 0 0 0 0 0 0 -23709.7 2.73029e+06 -5927.43 23709.7 -10537.6 5927.43 0 -93896.8 105634 0 0 0 0 0 0 -105634 -93896.8 0 0 -1.17208e+06 0 0 0 0 0 0 0 0 0 0 0 0 0 0 0 0 0 0 0 0 0 0 0 0 0 0 0 0 0 0 0 0 0 0 0 0 0 0 0 0 0 0 0 0 0 0 0 0 0 0 0 0 0 0 0 0 0 0 0 0 0 0 0 0 0 0 0 0 0 0 0 0 0 0 0 0 0 0 0 0 0 0 0 0 0 0 0 0 0 0 0 0 0 0 0 0 0 0 0 0 0 0 0
0 0 0 0 0 0 0 -105634 -118838 0 0 0 0 0 0 0 0 0 0 0 0 0 0 0 0 0 0 0 0 0 13336.7 -5927.43 241010 -13336.7 5927.43 -3334.18 0 105634 -118838 0 0 0 0 0 0 0 0 0 0 0 0 0 0 0 0 0 0 0 0 0 0 0 0 0 0 0 0 0 0 0 0 0 0 0 0 0 0 0 0 0 0 0 0 0 0 0 0 0 0 0 0 0 0 0 0 0 0 0 0 0 0 0 0 0 0 0 0 0 0 0 0 0 0 0 0 0 0 0 0 0 0 0 0 0 0 0 0 0 0 0 0 0 0 0 0 0 0 0 0 0 0 0 0 0 0 0 0 0 0 0 0 0 0
0 0 0 0 0 0 0 0 0 0 0 0 0 0 0 0 0 0 0 0 0 -53346.8 23709.7 13336.7 0 0 0 0 0 0 -53346.8 23709.7 -13336.7 503882 -47419.4 0 -198594 0 49648.5 0 0 0 0 0 0 0 0 0 -198594 0 -49648.5 0 0 0 0 0 0 0 0 0 0 0 0 0 0 0 0 0 0 0 0 0 0 0 0 0 0 0 0 0 0 0 0 0 0 0 0 0 0 0 0 0 0 0 0 0 0 0 0 0 0 0 0 0 0 0 0 0 0 0 0 0 0 0 0 0 0 0 0 0 0 0 0 0 0 0 0 0 0 0 0 0 0 0 0 0 0 0 0 0 0 0 0 0 0 0 0 0 0 0 0 0 0
0 0 0 0 0 0 0 0 0 0 0 0 0 0 0 0 0 0 0 0 0 23709.7 -10537.6 -5927.43 0 0 0 0 0 0 23709.7 -10537.6 5927.43 -47419.4 21075.3 0 0 0 0 0 0 0 0 0 0 0 0 0 0 0 0 0 0 0 0 0 0 0 0 0 0 0 0 0 0 0 0 0 0 0 0 0 0 0 0 0 0 0 0 0 0 0 0 0 0 0 0 0 0 0 0 0 0 0 0 0 0 0 0 0 0 0 0 0 0 0 0 0 0 0 0 0 0 0 0 0 0 0 0 0 0 0 0 0 0 0 0 0 0 0 0 0 0 0 0 0 0 0 0 0 0 0 0 0 0 0 0 0 0 0 0 0 0
0 0 0 0 0 0 0 0 0 0 0 0 0 0 0 0 0 0 0 0 0 13336.7 -5927.43 -3334.18 0 0 0 0 0 0 -13336.7 5927.43 -3334.18 0 0 31492.6 49648.5 0 -12412.1 0 0 0 0 0 0 0 0 0 -49648.5 0 -12412.1 0 0 0 0 0 0 0 0 0 0 0 0 0 0 0 0 0 0 0 0 0 0 0 0 0 0 0 0 0 0 0 0 0 0 0 0 0 0 0 0 0 0 0 0 0 0 0 0 0 0 0 0 0 0 0 0 0 0 0 0 0 0 0 0 0 0 0 0 0 0 0 0 0 0 0 0 0 0 0 0 0 0 0 0 0 0 0 0 0 0 0 0 0 0 0 0 0 0 0 0 0 0
0 0 0 0 0 0 0 0 0 0 0 0 0 0 0 0 0 0 0 0 0 0 0 0 -118838 105634 0 0 0 0 0 0 0 -198594 0 49648.5 934052 55806.6 -49648.5 -435000 0 0 0 0 0 0 0 0 0 0 0 0 0 0 -181620 -161440 0 0 0 0 0 0 0 0 0 0 0 0 0 0 0 0 0 0 0 0 0 0 0 0 0 0 0 0 0 0 0 0 0 0 0 0 0 0 0 0 0 0 0 0 0 0 0 0 0 0 0 0 0 0 0 0 0 0 0 0 0 0 0 0 0 0 0 0 0 0 0 0 0 0 0 0 0 0 0 0 0 0 0 0 0 0 0 0 0 0 0 0 0 0 0 0 0
0 0 0 0 0 0 0 0 0 0 0 0 0 0 0 0 0 0 0 0 0 0 -1.17208e+06 0 105634 -93896.8 0 0 0 0 0 -93896.8 105634 0 0 0 55806.6 2.81896e+06 55806.6 0 0 0 0 0 0 0 0 0 0 0 0 0 -1.17208e+06 0 -161440 -143503 0 0 0 0 0 -143503 -161440 0 0 0 0 0 0 0 0 0 0 0 0 0 0 0 0 0 0 0 0 0 0 0 0 0 0 0 0 0 0 0 0 0 0 0 0 0 0 0 0 0 0 0 0 0 0 0 0 0 0 0 0 0 0 0 0 0 0 0 0 0 0 0 0 0 0 0 0 0 0 0 0 0 0 0 0 0 0 0 0 0 0 0 0 0 0 0 0 0 0
0 0 0 0 0 0 0 0 0 0 0 0 0 0 0 0 0 0 0 0 0 0 0 0 0 0 0 0 0 0 0 105634 -118838 49648.5 0 -12412.1 -49648.5 55806.6 694167 0 0 0 0 0 0 0 0 0 0 0 -381296 0 0 0 0 0 0 0 0 0 0 -161440 -181620 0 0 0 0 0 0 0 0 0 0 0 0 0 0 0 0 0 0 0 0 0 0 0 0 0 0 0 0 0 0 0 0 0 0 0 0 0 0 0 0 0 0 0 0 0 0 0 0 0 0 0 0 0 0 0 0 0 0 0 0 0 0 0 0 0 0 0 0 0 0 0 0 0 0 0 0 0 0 0 0 0 0 0 0 0 0 0 0 0 0
0 0 0 0 0 0 0 0 0 0 0 0 0 0 0 0 0 0 0 0 0 -118838 -105634 0 0 0 0 0 0 0 0 0 0 0 0 0 -435000 0 0 1.06886e+06 -55806.6 -85160.1 -198594 0 -49648.5 0 0 0 -134809 0 134809 -181620 161440 0 0 0 0 0 0 0 0 0 0 0 0 0 0 0 0 0 0 0 0 0 0 0 0 0 0 0 0 0 0 0 0 0 0 0 0 0 0 0 0 0 0 0 0 0 0 0 0 0 0 0 0 0 0 0 0 0 0 0 0 0 0 0 0 0 0 0 0 0 0 0 0 0 0 0 0 0 0 0 0 0 0 0 0 0 0 0 0 0 0 0 0 0 0 0 0 0 0 0 0
0 0 0 0 0 0 0 0 0 0 0 0 0 0 0 0 0 0 0 0 0 -105634 -93896.8 0 0 -1.17208e+06 0 0 -93896.8 105634 0 0 0 0 0 0 0 0 0 -55806.6 2.81896e+06 55806.6 0 0 0 0 0 0 0 0 0 161440 -143503 0 0 -1.17208e+06 0 0 -143503 -161440 0 0 0 0 0 0 0 0 0 0 0 0 0 0 0 0 0 0 0 0 0 0 0 0 0 0 0 0 0 0 0 0 0 0 0 0 0 0 0 0 0 0 0 0 0 0 0 0 0 0 0 0 0 0 0 0 0 0 0 0 0 0 0 0 0 0 0 0 0 0 0 0 0 0 0 0 0 0 0 0 0 0 0 0 0 0 0 0 0 0 0 0 0
0 0 0 0 0 0 0 0 0 0 0 0 0 0 0 0 0 0 0 0 0 0 0 0 0 0 0 0 105634 -118838 0 0 0 0 0 0 0 0 0 -85160.1 55806.6 828976 -49648.5 0 -12412.1 0 0 -381296 134809 0 -134809 0 0 0 0 0 0 0 -161440 -181620 0 0 0 0 0 0 0 0 0 0 0 0 0 0 0 0 0 0 0 0 0 0 0 0 0 0 0 0 0 0 0 0 0 0 0 0 0 0 0 0 0 0 0 0 0 0 0 0 0 0 0 0 0 0 0 0 0 0 0 0 0 0 0 0 0 0 0 0 0 0 0 0 0 0 0 0 0 0 0 0 0 0 0 0 0 0 0 0 0 0 0 0 0
0 0 0 0 0 0 0 0 0 0 0 0 0 0 0 0 0 0 0 0 0 0 0 0 -53346.8 -23709.7 -13336.7 -53346.8 -23709.7 13336.7 0 0 0 0 0 0 0 0 0 -198594 0 -49648.5 503882 47419.4 0 -198594 0 49648.5 0 0 0 0 0 0 0 0 0 0 0 0 0 0 0 0 0 0 0 0 0 0 0 0 0 0 0 0 0 0 0 0 0 0 0 0 0 0 0 0 0 0 0 0 0 0 0 0 0 0 0 0 0 0 0 0 0 0 0 0 0 0 0 0 0 0 0 0 0 0 0 0 0 0 0 0 0 0 0 0 0 0 0 0 0 0 0 0 0 0 0 0 0 0 0 0 0 0 0 0 0 0 0 0 0
0 0 0 0 0 0 0 0 0 0 0 0 0 0 0 0 0 0 0 0 0 0 0 0 -23709.7 -10537.6 -5927.43 -23709.7 -10537.6 5927.43 0 0 0 0 0 0 0 0 0 0 0 0 47419.4 21075.3 0 0 0 0 0 0 0 0 0 0 0 0 0 0 0 0 0 0 0 0 0 0 0 0 0 0 0 0 0 0 0 0 0 0 0 0 0 0 0 0 0 0 0 0 0 0 0 0 0 0 0 0 0 0 0 0 0 0 0 0 0 0 0 0 0 0 0 0 0 0 0 0 0 0 0 0 0 0 0 0 0 0 0 0 0 0 0 0 0 0 0 0 0 0 0 0 0 0 0 0 0 0 0 0 0 0 0 0 0
0 0 0 0 0 0 0 0 0 0 0 0 0 0 0 0 0 0 0 0 0 0 0 0 -13336.7 -5927.43 -3334.18 13336.7 5927.43 -3334.18 0 0 0 0 0 0 0 0 0 -49648.5 0 -12412.1 0 0 31492.6 49648.5 0 -12412.1 0 0 0 0 0 0 0 0 0 0 0 0 0 0 0 0 0 0 0 0 0 0 0 0 0 0 0 0 0 0 0 0 0 0 0 0 0 0 0 0 0 0 0 0 0 0 0 0 0 0 0 0 0 0 0 0 0 0 0 0 0 0 0 0 0 0 0 0 0 0 0 0 0 0 0 0 0 0 0 0 0 0 0 0 0 0 0 0 0 0 0 0 0 0 0 0 0 0 0 0 0 0 0 0 0
0 0 0 0 0 0 0 0 0 0 0 0 0 0 0 0 0 0 0 0 0 0 0 0 0 0 0 0 0 0 -118838 -105634 0 0 0 0 0 0 0 0 0 0 -198594 0 49648.5 934052 -55806.6 -49648.5 -435000 0 0 0 0 0 0 0 0 0 0 0 -181620 161440 0 0 0 0 0 0 0 0 0 0 0 0 0 0 0 0 0 0 0 0 0 0 0 0 0 0 0 0 0 0 0 0 0 0 0 0 0 0 0 0 0 0 0 0 0 0 0 0 0 0 0 0 0 0 0 0 0 0 0 0 0 0 0 0 0 0 0 0 0 0 0 0 0 0 0 0 0 0 0 0 0 0 0 0 0 0 0 0 0 0 0
0 0 0 0 0 0 0 0 0 0 0 0 0 0 0 0 0 0 0 0 0 0 0 0 0 -93896.8 -105634 0 -1.17208e+06 0 -105634 -93896.8 0 0 0 0 0 0 0 0 0 0 0 0 0 -55806.6 2.81896e+06 -55806.6 0 0 0 0 0 0 0 -143503 161440 0 -1.17208e+06 0 161440 -143503 0 0 0 0 0 0 0 0 0 0 0 0 0 0 0 0 0 0 0 0 0 0 0 0 0 0 0 0 0 0 0 0 0 0 0 0 0 0 0 0 0 0 0 0 0 0 0 0 0 0 0 0 0 0 0 0 0 0 0 0 0 0 0 0 0 0 0 0 0 0 0 0 0 0 0 0 0 0 0 0 0 0 0 0 0 0 0 0 0 0 0
0 0 0 0 0 0 0 0 0 0 0 0 0 0 0 0 0 0 0 0 0 0 0 0 0 -105634 -118838 0 0 0 0 0 0 0 0 0 0 0 0 0 0 -381296 49648.5 0 -12412.1 -49648.5 -55806.6 694167 0 0 0 0 0 0 0 161440 -181620 0 0 0 0 0 0 0 0 0 0 0 0 0 0 0 0 0 0 0 0 0 0 0 0 0 0 0 0 0 0 0 0 0 0 0 0 0 0 0 0 0 0 0 0 0 0 0 0 0 0 0 0 0 0 0 0 0 0 0 0 0 0 0 0 0 0 0 0 0 0 0 0 0 0 0 0 0 0 0 0 0 0 0 0 0 0 0 0 0 0 0 0 0 0 0 0
0 0 0 0 0 0 0 0 0 0 0 0 0 0 0 0 0 0 0 0 0 0 0 0 0 0 0 -118838 105634 0 0 0 0 -198594 0 -49648.5 0 0 0 -134809 0 134809 0 0 0 -435000 0 0 1.06886e+06 55806.6 -85160.1 0 0 0 0 0 0 -181620 -161440 0 0 0 0 0 0 0 0 0 0 0 0 0 0 0 0 0 0 0 0 0 0 0 0 0 0 0 0 0 0 0 0 0 0 0 0 0 0 0 0 0 0 0 0 0 0 0 0 0 0 0 0 0 0 0 0 0 0 0 0 0 0 0 0 0 0 0 0 0 0 0 0 0 0 0 0 0 0 0 0 0 0 0 0 0 0 0 0 0 0 0 0 0 0
0 0 0 0 0 0 0 0 0 0 0 0 0 0 0 0 0 0 0 0 0 0 -93896.8 -105634 0 0 0 105634 -93896.8 0 0 -1.17208e+06 0 0 0 0 0 0 0 0 0 0 0 0 0 0 0 0 55806.6 2.81896e+06 -55806.6 0 -143503 161440 0 0 0 -161440 -143503 0 0 -1.17208e+06 0 0 0 0 0 0 0 0 0 0 0 0 0 0 0 0 0 0 0 0 0 0 0 0 0 0 0 0 0 0 0 0 0 0 0 0 0 0 0 0 0 0 0 0 0 0 0 0 0 0 0 0 0 0 0 0 0 0 0 0 0 0 0 0 0 0 0 0 0 0 0 0 0 0 0 0 0 0 0 0 0 0 0 0 0 0 0 0 0 0 0
0 0 0 0 0 0 0 0 0 0 0 0 0 0 0 0 0 0 0 0 0 0 -105634 -118838 0 0 0 0 0 0 0 0 0 -49648.5 0 -12412.1 0 0 -381296 134809 0 -134809 0 0 0 0 0 0 -85160.1 -55806.6 828976 0 161440 -181620 0 0 0 0 0 0 0 0 0 0 0 0 0 0 0 0 0 0 0 0 0 0 0 0 0 0 0 0 0 0 0 0 0 0 0 0 0 0 0 0 0 0 0 0 0 0 0 0 0 0 0 0 0 0 0 0 0 0 0 0 0 0 0 0 0 0 0 0 0 0 0 0 0 0 0 0 0 0 0 0 0 0 0 0 0 0 0 0 0 0 0 0 0 0 0 0 0 0 0
0 0 0 0 0 0 0 0 0 0 0 0 0 0 0 0 0 0 0 0 0 0 0 0 0 0 0 0 0 0 0 0 0 0 0 0 0 0 0 -181620 161440 0 0 0 0 0 0 0 0 0 0 419981 -32423 -18237.9 0 0 0 0 0 0 0 0 0 -56740.2 32423 18237.9 0 0 0 -181620 -161440 0 0 0 0 0 0 0 0 0 0 0 0 0 0 0 0 0 0 0 0 0 0 0 0 0 0 0 0 0 0 0 0 0 0 0 0 0 0 0 0 0 0 0 0 0 0 0 0 0 0 0 0 0 0 0 0 0 0 0 0 0 0 0 0 0 0 0 0 0 0 0 0 0 0 0 0 0 0 0 0 0 0
0 0 0 0 0 0 0 0 0 0 0 0 0 0 0 0 0 0 0 0 0 0 0 0 0 0 0 0 0 0 0 0 0 0 0 0 0 -1.17208e+06 0 161440 -143503 0 0 0 0 0 0 0 0 -143503 161440 -32423 2.9367e+06 10421.7 0 0 0 0 0 0 0 0 0 32423 -18527.4 -10421.7 0 -1.17208e+06 0 -161440 -143503 0 0 0 0 0 0 0 0 -143503 -161440 0 0 0 0 0 0 0 0 0 0 0 0 0 0 0 0 0 0 0 0 0 0 0 0 0 0 0 0 0 0 0 0 0 0 0 0 0 0 0 0 0 0 0 0 0 0 0 0 0 0 0 0 0 0 0 0 0 0 0 0 0 0 0 0 0 0 0 0 0 0 0 0
0 0 0 0 0 0 0 0 0 0 0 0 0 0 0 0 0 0 0 0 0 0 0 0 0 0 0 0 0 0 0 0 0 0 0 0 0 0 0 0 0 0 0 0 0 0 0 0 0 161440 -181620 -18237.9 10421.7 369103 0 0 0 0 0 0 0 0 0 18237.9 -10421.7 -5862.19 0 0 0 0 0 0 0 0 0 0 0 0 0 -161440 -181620 0 0 0 0 0 0 0 0 0 0 0 0 0 0 0 0 0 0 0 0 0 0 0 0 0 0 0 0 0 0 0 0 0 0 0 0 0 0 0 0 0 0 0 0 0 0 0 0 0 0 0 0 0 0 0 0 0 0 0 0 0 0 0 0 0 0 0 0 0 0 0 0
0 0 0 0 0 0 0 0 0 0 0 0 0 0 0 0 0 0 0 0 0 0 0 0 0 0 0 0 0 0 0 0 0 0 0 0 -181620 -161440 0 0 0 0 0 0 0 0 0 0 0 0 0 0 0 0 419981 32423 18237.9 0 0 0 0 0 0 0 0 0 -181620 161440 0 0 0 0 -56740.2 -32423 -18237.9 0 0 0 0 0 0 0 0 0 0 0 0 0 0 0 0 0 0 0 0 0 0 0 0 0 0 0 0 0 0 0 0 0 0 0 0 0 0 0 0 0 0 0 0 0 0 0 0 0 0 0 0 0 0 0 0 0 0 0 0 0 0 0 0 0 0 0 0 0 0 0 0 0 0 0 0 0 0
0 0 0 0 0 0 0 0 0 0 0 0 0 0 0 0 0 0 0 0 0 0 0 0 0 0 0 0 0 0 0 0 0 0 0 0 -161440 -143503 0 0 -1.17208e+06 0 0 0 0 0 -143503 161440 0 0 0 0 0 0 32423 2.9367e+06 10421.7 0 0 0 0 0 0 0 0 0 161440 -143503 0 0 -1.17208e+06 0 -32423 -18527.4 -10421.7 0 -143503 -161440 0 0 0 0 0 0 0 0 0 0 0 0 0 0 0 0 0 0 0 0 0 0 0 0 0 0 0 0 0 0 0 0 0 0 0 0 0 0 0 0 0 0 0 0 0 0 0 0 0 0 0 0 0 0 0 0 0 0 0 0 0 0 0 0 0 0 0 0 0 0 0 0 0 0 0
0 0 0 0 0 0 0 0 0 0 0 0 0 0 0 0 0 0 0 0 0 0 0 0 0 0 0 0 0 0 0 0 0 0 0 0 0 0 0 0 0 0 0 0 0 0 161440 -181620 0 0 0 0 0 0 18237.9 10421.7 369103 0 0 0 0 0 0 0 0 0 0 0 0 0 0 0 -18237.9 -10421.7 -5862.19 0 -161440 -181620 0 0 0 0 0 0 0 0 0 0 0 0 0 0 0 0 0 0 0 0 0 0 0 0 0 0 0 0 0 0 0 0 0 0 0 0 0 0 0 0 0 0 0 0 0 0 0 0 0 0 0 0 0 0 0 0 0 0 0 0 0 0 0 0 0 0 0 0 0 0 0 0 0 0 0
0 0 0 0 0 0 0 0 0 0 0 0 0 0 0 0 0 0 0 0 0 0 0 0 0 0 0 0 0 0 0 0 0 0 0 0 0 0 0 0 0 0 0 0 0 0 0 0 -181620 -161440 0 0 0 0 0 0 0 419981 32423 -18237.9 0 0 0 0 0 0 0 0 0 0 0 0 -56740.2 -32423 18237.9 0 0 0 -181620 161440 0 0 0 0 0 0 0 0 0 0 0 0 0 0 0 0 0 0 0 0 0 0 0 0 0 0 0 0 0 0 0 0 0 0 0 0 0 0 0 0 0 0 0 0 0 0 0 0 0 0 0 0 0 0 0 0 0 0 0 0 0 0 0 0 0 0 0 0 0 0 0 0 0
0 0 0 0 0 0 0 0 0 0 0 0 0 0 0 0 0 0 0 0 0 0 0 0 0 0 0 0 0 0 0 0 0 0 0 0 0 0 0 0 -143503 -161440 0 0 0 0 -1.17208e+06 0 -161440 -143503 0 0 0 0 0 0 0 32423 2.9367e+06 -10421.7 0 0 0 0 0 0 0 0 0 0 -143503 161440 -32423 -18527.4 10421.7 0 -1.17208e+06 0 161440 -143503 0 0 0 0 0 0 0 0 0 0 0 0 0 0 0 0 0 0 0 0 0 0 0 0 0 0 0 0 0 0 0 0 0 0 0 0 0 0 0 0 0 0 0 0 0 0 0 0 0 0 0 0 0 0 0 0 0 0 0 0 0 0 0 0 0 0 0 0 0 0 0 0 0
0 0 0 0 0 0 0 0 0 0 0 0 0 0 0 0 0 0 0 0 0 0 0 0 0 0 0 0 0 0 0 0 0 0 0 0 0 0 0 0 -161440 -181620 0 0 0 0 0 0 0 0 0 0 0 0 0 0 0 -18237.9 -10421.7 369103 0 0 0 0 0 0 0 0 0 0 161440 -181620 18237.9 10421.7 -5862.19 0 0 0 0 0 0 0 0 0 0 0 0 0 0 0 0 0 0 0 0 0 0 0 0 0 0 0 0 0 0 0 0 0 0 0 0 0 0 0 0 0 0 0 0 0 0 0 0 0 0 0 0 0 0 0 0 0 0 0 0 0 0 0 0 0 0 0 0 0 0 0 0 0 0 0 0 0 0
0 0 0 0 0 0 0 0 0 0 0 0 0 0 0 0 0 0 0 0 0 0 0 0 0 0 0 0 0 0 0 0 0 0 0 0 0 0 0 0 0 0 0 0 0 -181620 161440 0 0 0 0 0 0 0 0 0 0 0 0 0 419981 -32423 18237.9 -56740.2 32423 -18237.9 0 0 0 0 0 0 0 0 0 -181620 -161440 0 0 0 0 0 0 0 0 0 0 0 0 0 0 0 0 0 0 0 0 0 0 0 0 0 0 0 0 0 0 0 0 0 0 0 0 0 0 0 0 0 0 0 0 0 0 0 0 0 0 0 0 0 0 0 0 0 0 0 0 0 0 0 0 0 0 0 0 0 0 0 0 0 0 0 0
0 0 0 0 0 0 0 0 0 0 0 0 0 0 0 0 0 0 0 0 0 0 0 0 0 0 0 0 0 0 0 0 0 0 0 0 0 -143503 -161440 0 0 0 0 0 0 161440 -143503 0 0 -1.17208e+06 0 0 0 0 0 0 0 0 0 0 -32423 2.9367e+06 -10421.7 32423 -18527.4 10421.7 0 -143503 161440 0 0 0 0 0 0 -161440 -143503 0 0 -1.17208e+06 0 0 0 0 0 0 0 0 0 0 0 0 0 0 0 0 0 0 0 0 0 0 0 0 0 0 0 0 0 0 0 0 0 0 0 0 0 0 0 0 0 0 0 0 0 0 0 0 0 0 0 0 0 0 0 0 0 0 0 0 0 0 0 0 0 0 0 0 0 0 0 0 0
0 0 0 0 0 0 0 0 0 0 0 0 0 0 0 0 0 0 0 0 0 0 0 0 0 0 0 0 0 0 0 0 0 0 0 0 0 -161440 -181620 0 0 0 0 0 0 0 0 0 0 0 0 0 0 0 0 0 0 0 0 0 18237.9 -10421.7 369103 -18237.9 10421.7 -5862.19 0 161440 -181620 0 0 0 0 0 0 0 0 0 0 0 0 0 0 0 0 0 0 0 0 0 0 0 0 0 0 0 0 0 0 0 0 0 0 0 0 0 0 0 0 0 0 0 0 0 0 0 0 0 0 0 0 0 0 0 0 0 0 0 0 0 0 0 0 0 0 0 0 0 0 0 0 0 0 0 0 0 0 0 0 0 0 0 0
0 0 0 0 0 0 0 0 0 0 0 0 0 0 0 0 0 0 0 0 0 0 0 0 0 0 0 0 0 0 0 0 0 0 0 0 0 0 0 0 0 0 0 0 0 0 0 0 0 0 0 -56740.2 32423 18237.9 0 0 0 0 0 0 -56740.2 32423 -18237.9 596076 -64845.9 0 -241298 0 77560.1 0 0 0 0 0 0 0 0 0 -241298 0 -77560.1 0 0 0 0 0 0 0 0 0 0 0 0 0 0 0 0 0 0 0 0 0 0 0 0 0 0 0 0 0 0 0 0 0 0 0 0 0 0 0 0 0 0 0 0 0 0 0 0 0 0 0 0 0 0 0 0 0 0 0 0 0 0 0 0 0 0 0 0 0 0 0 0
0 0 0 0 0 0 0 0 0 0 0 0 0 0 0 0 0 0 0 0 0 0 0 0 0 0 0 0 0 0 0 0 0 0 0 0 0 0 0 0 0 0 0 0 0 0 0 0 0 0 0 32423 -18527.4 -10421.7 0 0 0 0 0 0 32423 -18527.4 10421.7 -64845.9 37054.8 0 0 0 0 0 0 0 0 0 0 0 0 0 0 0 0 0 0 0 0 0 0 0 0 0 0 0 0 0 0 0 0 0 0 0 0 0 0 0 0 0 0 0 0 0 0 0 0 0 0 0 0 0 0 0 0 0 0 0 0 0 0 0 0 0 0 0 0 0 0 0 0 0 0 0 0 0 0 0 0 0 0 0 0 0 0 0 0
0 0 0 0 0 0 0 0 0 0 0 0 0 0 0 0 0 0 0 0 0 0 0 0 0 0 0 0 0 0 0 0 0 0 0 0 0 0 0 0 0 0 0 0 0 0 0 0 0 0 0 18237.9 -10421.7 -5862.19 0 0 0 0 0 0 -18237.9 10421.7 -5862.19 0 0 61584.4 77560.1 0 -24930 0 0 0 0 0 0 0 0 0 -77560.1 0 -24930 0 0 0 0 0 0 0 0 0 0 0 0 0 0 0 0 0 0 0 0 0 0 0 0 0 0 0 0 0 0 0 0 0 0 0 0 0 0 0 0 0 0 0 0 0 0 0 0 0 0 0 0 0 0 0 0 0 0 0 0 0 0 0 0 0 0 0 0 0 0 0 0
0 0 0 0 0 0 0 0 0 0 0 0 0 0 0 0 0 0 0 0 0 0 0 0 0 0 0 0 0 0 0 0 0 0 0 0 0 0 0 0 0 0 0 0 0 0 0 0 0 0 0 0 0 0 -181620 161440 0 0 0 0 0 0 0 -241298 0 77560.1 992141 -231242 -86142.3 -435000 0 0 0 0 0 0 0 0 0 0 0 -21563.5 176153 -21563.5 -110605 -123130 15072.9 0 0 0 -2054.08 16779.8 15072.9 0 0 0 0 0 0 0 0 0 0 0 0 0 0 0 0 0 0 0 0 0 0 0 0 0 0 0 0 0 0 0 0 0 0 0 0 0 0 0 0 0 0 0 0 0 0 0 0 0 0 0 0 0 0 0 0 0 0 0 0
0 0 0 0 0 0 0 0 0 0 0 0 0 0 0 0 0 0 0 0 0 0 0 0 0 0 0 0 0 0 0 0 0 0 0 0 0 0 0 0 0 0 0 0 0 0 0 0 0 0 0 0 -1.17208e+06 0 161440 -143503 0 0 0 0 0 -143503 161440 0 0 0 -231242 3.17223e+06 -231242 0 0 0 0 0 0 0 0 0 0 0 0 176153 -1.43899e+06 176153 -123130 -137074 16779.8 0 0 0 16779.8 -137074 -123130 0 0 0 0 0 0 0 0 0 0 0 0 0 0 0 0 0 0 0 0 0 0 0 0 0 0 0 0 0 0 0 0 0 0 0 0 0 0 0 0 0 0 0 0 0 0 0 0 0 0 0 0 0 0 0 0 0 0 0 0
0 0 0 0 0 0 0 0 0 0 0 0 0 0 0 0 0 0 0 0 0 0 0 0 0 0 0 0 0 0 0 0 0 0 0 0 0 0 0 0 0 0 0 0 0 0 0 0 0 0 0 0 0 0 0 0 0 0 0 0 0 161440 -181620 77560.1 0 -24930 -86142.3 -231242 722070 0 0 0 0 0 0 0 0 0 0 0 -381296 -21563.5 176153 -21563.5 15072.9 16779.8 -2054.08 0 0 0 15072.9 -123130 -110605 0 0 0 0 0 0 0 0 0 0 0 0 0 0 0 0 0 0 0 0 0 0 0 0 0 0 0 0 0 0 0 0 0 0 0 0 0 0 0 0 0 0 0 0 0 0 0 0 0 0 0 0 0 0 0 0 0 0 0 0
0 0 0 0 0 0 0 0 0 0 0 0 0 0 0 0 0 0 0 0 0 0 0 0 0 0 0 0 0 0 0 0 0 0 0 0 0 0 0 0 0 0 0 0 0 0 0 0 0 0 0 -181620 -161440 0 0 0 0 0 0 0 0 0 0 0 0 0 -435000 0 0 1.12695e+06 231242 -48666.3 -241298 0 -77560.1 0 0 0 -134809 0 134809 -110605 123130 -15072.9 -21563.5 -176153 21563.5 -2054.08 -16779.8 -15072.9 0 0 0 0 0 0 0 0 0 0 0 0 0 0 0 0 0 0 0 0 0 0 0 0 0 0 0 0 0 0 0 0 0 0 0 0 0 0 0 0 0 0 0 0 0 0 0 0 0 0 0 0 0 0 0 0 0 0 0 0 0 0 0
0 0 0 0 0 0 0 0 0 0 0 0 0 0 0 0 0 0 0 0 0 0 0 0 0 0 0 0 0 0 0 0 0 0 0 0 0 0 0 0 0 0 0 0 0 0 0 0 0 0 0 -161440 -143503 0 0 -1.17208e+06 0 0 -143503 161440 0 0 0 0 0 0 0 0 0 231242 3.17223e+06 -231242 0 0 0 0 0 0 0 0 0 123130 -137074 16779.8 -176153 -1.43899e+06 176153 -16779.8 -137074 -123130 0 0 0 0 0 0 0 0 0 0 0 0 0 0 0 0 0 0 0 0 0 0 0 0 0 0 0 0 0 0 0 0 0 0 0 0 0 0 0 0 0 0 0 0 0 0 0 0 0 0 0 0 0 0 0 0 0 0 0 0 0 0 0
0 0 0 0 0 0 0 0 0 0 0 0 0 0 0 0 0 0 0 0 0 0 0 0 0 0 0 0 0 0 0 0 0 0 0 0 0 0 0 0 0 0 0 0 0 0 0 0 0 0 0 0 0 0 0 0 0 0 161440 -181620 0 0 0 0 0 0 0 0 0 -48666.3 -231242 856878 -77560.1 0 -24930 0 0 -381296 134809 0 -134809 -15072.9 16779.8 -2054.08 21563.5 176153 -21563.5 -15072.9 -123130 -110605 0 0 0 0 0 0 0 0 0 0 0 0 0 0 0 0 0 0 0 0 0 0 0 0 0 0 0 0 0 0 0 0 0 0 0 0 0 0 0 0 0 0 0 0 0 0 0 0 0 0 0 0 0 0 0 0 0 0 0 0 0 0 0
0 0 0 0 0 0 0 0 0 0 0 0 0 0 0 0 0 0 0 0 0 0 0 0 0 0 0 0 0 0 0 0 0 0 0 0 0 0 0 0 0 0 0 0 0 0 0 0 0 0 0 0 0 0 -56740.2 -32423 -18237.9 -56740.2 -32423 18237.9 0 0 0 0 0 0 0 0 0 -241298 0 -77560.1 596076 64845.9 0 -241298 0 77560.1 0 0 0 0 0 0 0 0 0 0 0 0 0 0 0 0 0 0 0 0 0 0 0 0 0 0 0 0 0 0 0 0 0 0 0 0 0 0 0 0 0 0 0 0 0 0 0 0 0 0 0 0 0 0 0 0 0 0 0 0 0 0 0 0 0 0 0 0 0 0 0 0 0 0 0
0 0 0 0 0 0 0 0 0 0 0 0 0 0 0 0 0 0 0 0 0 0 0 0 0 0 0 0 0 0 0 0 0 0 0 0 0 0 0 0 0 0 0 0 0 0 0 0 0 0 0 0 0 0 -32423 -18527.4 -10421.7 -32423 -18527.4 10421.7 0 0 0 0 0 0 0 0 0 0 0 0 64845.9 37054.8 0 0 0 0 0 0 0 0 0 0 0 0 0 0 0 0 0 0 0 0 0 0 0 0 0 0 0 0 0 0 0 0 0 0 0 0 0 0 0 0 0 0 0 0 0 0 0 0 0 0 0 0 0 0 0 0 0 0 0 0 0 0 0 0 0 0 0 0 0 0 0 0 0 0 0 0 0 0 0
0 0 0 0 0 0 0 0 0 0 0 0 0 0 0 0 0 0 0 0 0 0 0 0 0 0 0 0 0 0 0 0 0 0 0 0 0 0 0 0 0 0 0 0 0 0 0 0 0 0 0 0 0 0 -18237.9 -10421.7 -5862.19 18237.9 10421.7 -5862.19 0 0 0 0 0 0 0 0 0 -77560.1 0 -24930 0 0 61584.4 77560.1 0 -24930 0 0 0 0 0 0 0 0 0 0 0 0 0 0 0 0 0 0 0 0 0 0 0 0 0 0 0 0 0 0 0 0 0 0 0 0 0 0 0 0 0 0 0 0 0 0 0 0 0 0 0 0 0 0 0 0 0 0 0 0 0 0 0 0 0 0 0 0 0 0 0 0 0 0 0
0 0 0 0 0 0 0 0 0 0 0 0 0 0 0 0 0 0 0 0 0 0 0 0 0 0 0 0 0 0 0 0 0 0 0 0 0 0 0 0 0 0 0 0 0 0 0 0 0 0 0 0 0 0 0 0 0 0 0 0 -181620 -161440 0 0 0 0 0 0 0 0 0 0 -241298 0 77560.1 992141 231242 -86142.3 -435000 0 0 0 0 0 -2054.08 -16779.8 15072.9 -21563.5 -176153 -21563.5 -110605 123130 15072.9 0 0 0 0 0 0 0 0 0 0 0 0 0 0 0 0 0 0 0 0 0 0 0 0 0 0 0 0 0 0 0 0 0 0 0 0 0 0 0 0 0 0 0 0 0 0 0 0 0 0 0 0 0 0 0 0 0 0 0 0
0 0 0 0 0 0 0 0 0 0 0 0 0 0 0 0 0 0 0 0 0 0 0 0 0 0 0 0 0 0 0 0 0 0 0 0 0 0 0 0 0 0 0 0 0 0 0 0 0 0 0 0 0 0 0 -143503 -161440 0 -1.17208e+06 0 -161440 -143503 0 0 0 0 0 0 0 0 0 0 0 0 0 231242 3.17223e+06 231242 0 0 0 0 0 0 -16779.8 -137074 123130 -176153 -1.43899e+06 -176153 123130 -137074 -16779.8 0 0 0 0 0 0 0 0 0 0 0 0 0 0 0 0 0 0 0 0 0 0 0 0 0 0 0 0 0 0 0 0 0 0 0 0 0 0 0 0 0 0 0 0 0 0 0 0 0 0 0 0 0 0 0 0 0 0 0 0
0 0 0 0 0 0 0 0 0 0 0 0 0 0 0 0 0 0 0 0 0 0 0 0 0 0 0 0 0 0 0 0 0 0 0 0 0 0 0 0 0 0 0 0 0 0 0 0 0 0 0 0 0 0 0 -161440 -181620 0 0 0 0 0 0 0 0 0 0 0 0 0 0 -381296 77560.1 0 -24930 -86142.3 231242 722070 0 0 0 0 0 0 15072.9 123130 -110605 -21563.5 -176153 -21563.5 15072.9 -16779.8 -2054.08 0 0 0 0 0 0 0 0 0 0 0 0 0 0 0 0 0 0 0 0 0 0 0 0 0 0 0 0 0 0 0 0 0 0 0 0 0 0 0 0 0 0 0 0 0 0 0 0 0 0 0 0 0 0 0 0 0 0 0 0
0 0 0 0 0 0 0 0 0 0 0 0 0 0 0 0 0 0 0 0 0 0 0 0 0 0 0 0 0 0 0 0 0 0 0 0 0 0 0 0 0 0 0 0 0 0 0 0 0 0 0 0 0 0 0 0 0 -181620 161440 0 0 0 0 -241298 0 -77560.1 0 0 0 -134809 0 134809 0 0 0 -435000 0 0 1.12695e+06 -231242 -48666.3 -2054.08 16779.8 -15072.9 0 0 0 -110605 -123130 -15072.9 -21563.5 176153 21563.5 0 0 0 0 0 0 0 0 0 0 0 0 0 0 0 0 0 0 0 0 0 0 0 0 0 0 0 0 0 0 0 0 0 0 0 0 0 0 0 0 0 0 0 0 0 0 0 0 0 0 0 0 0 0 0 0 0 0 0 0
0 0 0 0 0 0 0 0 0 0 0 0 0 0 0 0 0 0 0 0 0 0 0 0 0 0 0 0 0 0 0 0 0 0 0 0 0 0 0 0 0 0 0 0 0 0 0 0 0 0 0 0 -143503 -161440 0 0 0 161440 -143503 0 0 -1.17208e+06 0 0 0 0 0 0 0 0 0 0 0 0 0 0 0 0 -231242 3.17223e+06 231242 16779.8 -137074 123130 0 0 0 -123130 -137074 -16779.8 176153 -1.43899e+06 -176153 0 0 0 0 0 0 0 0 0 0 0 0 0 0 0 0 0 0 0 0 0 0 0 0 0 0 0 0 0 0 0 0 0 0 0 0 0 0 0 0 0 0 0 0 0 0 0 0 0 0 0 0 0 0 0 0 0 0 0 0
0 0 0 0 0 0 0 0 0 0 0 0 0 0 0 0 0 0 0 0 0 0 0 0 0 0 0 0 0 0 0 0 0 0 0 0 0 0 0 0 0 0 0 0 0 0 0 0 0 0 0 0 -161440 -181620 0 0 0 0 0 0 0 0 0 -77560.1 0 -24930 0 0 -381296 134809 0 -134809 0 0 0 0 0 0 -48666.3 231242 856878 -15072.9 123130 -110605 0 0 0 -15072.9 -16779.8 -2054.08 21563.5 -176153 -21563.5 0 0 0 0 0 0 0 0 0 0 0 0 0 0 0 0 0 0 0 0 0 0 0 0 0 0 0 0 0 0 0 0 0 0 0 0 0 0 0 0 0 0 0 0 0 0 0 0 0 0 0 0 0 0 0 0 0 0 0 0
0 0 0 0 0 0 0 0 0 0 0 0 0 0 0 0 0 0 0 0 0 0 0 0 0 0 0 0 0 0 0 0 0 0 0 0 0 0 0 0 0 0 0 0 0 0 0 0 0 0 0 0 0 0 0 0 0 0 0 0 0 0 0 0 0 0 -21563.5 176153 -21563.5 -110605 123130 -15072.9 0 0 0 0 0 0 -2054.08 16779.8 -15072.9 262828 -401631 49337 0 0 0 0 0 0 0 0 0 -20515.6 170482 -20515.6 -106864 -95097.5 11443.9 0 0 0 -1225.52 10183.9 11443.9 0 0 0 0 0 0 0 0 0 0 0 0 0 0 0 0 0 0 0 0 0 0 0 0 0 0 0 0 0 0 0 0 0 0 0 0 0 0 0 0 0 0 0 0 0 0 0 0
0 0 0 0 0 0 0 0 0 0 0 0 0 0 0 0 0 0 0 0 0 0 0 0 0 0 0 0 0 0 0 0 0 0 0 0 0 0 0 0 0 0 0 0 0 0 0 0 0 0 0 0 0 0 0 0 0 0 0 0 0 0 0 0 0 0 176153 -1.43899e+06 176153 123130 -137074 16779.8 0 0 0 0 0 0 16779.8 -137074 123130 -401631 3.29908e+06 -401631 0 0 0 0 0 0 0 0 0 170482 -1.41668e+06 170482 -95097.5 -84626.7 10183.9 0 0 0 10183.9 -84626.7 -95097.5 0 0 0 0 0 0 0 0 0 0 0 0 0 0 0 0 0 0 0 0 0 0 0 0 0 0 0 0 0 0 0 0 0 0 0 0 0 0 0 0 0 0 0 0 0 0 0 0
0 0 0 0 0 0 0 0 0 0 0 0 0 0 0 0 0 0 0 0 0 0 0 0 0 0 0 0 0 0 0 0 0 0 0 0 0 0 0 0 0 0 0 0 0 0 0 0 0 0 0 0 0 0 0 0 0 0 0 0 0 0 0 0 0 0 -21563.5 176153 -21563.5 -15072.9 16779.8 -2054.08 0 0 0 0 0 0 -15072.9 123130 -110605 49337 -401631 262828 0 0 0 0 0 0 0 0 0 -20515.6 170482 -20515.6 11443.9 10183.9 -1225.52 0 0 0 11443.9 -95097.5 -106864 0 0 0 0 0 0 0 0 0 0 0 0 0 0 0 0 0 0 0 0 0 0 0 0 0 0 0 0 0 0 0 0 0 0 0 0 0 0 0 0 0 0 0 0 0 0 0 0
0 0 0 0 0 0 0 0 0 0 0 0 0 0 0 0 0 0 0 0 0 0 0 0 0 0 0 0 0 0 0 0 0 0 0 0 0 0 0 0 0 0 0 0 0 0 0 0 0 0 0 0 0 0 0 0 0 0 0 0 0 0 0 0 0 0 -110605 -123130 15072.9 -21563.5 -176153 21563.5 0 0 0 -2054.08 -16779.8 15072.9 0 0 0 0 0 0 262828 401631 -49337 0 0 0 0 0 0 -106864 95097.5 -11443.9 -20515.6 -170482 20515.6 -1225.52 -10183.9 -11443.9 0 0 0 0 0 0 0 0 0 0 0 0 0 0 0 0 0 0 0 0 0 0 0 0 0 0 0 0 0 0 0 0 0 0 0 0 0 0 0 0 0 0 0 0 0 0 0 0 0 0 0
0 0 0 0 0 0 0 0 0 0 0 0 0 0 0 0 0 0 0 0 0 0 0 0 0 0 0 0 0 0 0 0 0 0 0 0 0 0 0 0 0 0 0 0 0 0 0 0 0 0 0 0 0 0 0 0 0 0 0 0 0 0 0 0 0 0 -123130 -137074 16779.8 -176153 -1.43899e+06 176153 0 0 0 -16779.8 -137074 123130 0 0 0 0 0 0 401631 3.29908e+06 -401631 0 0 0 0 0 0 95097.5 -84626.7 10183.9 -170482 -1.41668e+06 170482 -10183.9 -84626.7 -95097.5 0 0 0 0 0 0 0 0 0 0 0 0 0 0 0 0 0 0 0 0 0 0 0 0 0 0 0 0 0 0 0 0 0 0 0 0 0 0 0 0 0 0 0 0 0 0 0 0 0 0 0
0 0 0 0 0 0 0 0 0 0 0 0 0 0 0 0 0 0 0 0 0 0 0 0 0 0 0 0 0 0 0 0 0 0 0 0 0 0 0 0 0 0 0 0 0 0 0 0 0 0 0 0 0 0 0 0 0 0 0 0 0 0 0 0 0 0 15072.9 16779.8 -2054.08 21563.5 176153 -21563.5 0 0 0 15072.9 123130 -110605 0 0 0 0 0 0 -49337 -401631 262828 0 0 0 0 0 0 -11443.9 10183.9 -1225.52 20515.6 170482 -20515.6 -11443.9 -95097.5 -106864 0 0 0 0 0 0 0 0 0 0 0 0 0 0 0 0 0 0 0 0 0 0 0 0 0 0 0 0 0 0 0 0 0 0 0 0 0 0 0 0 0 0 0 0 0 0 0 0 0 0 0
0 0 0 0 0 0 0 0 0 0 0 0 0 0 0 0 0 0 0 0 0 0 0 0 0 0 0 0 0 0 0 0 0 0 0 0 0 0 0 0 0 0 0 0 0 0 0 0 0 0 0 0 0 0 0 0 0 0 0 0 0 0 0 0 0 0 0 0 0 -2054.08 -16779.8 -15072.9 0 0 0 -21563.5 -176153 -21563.5 -110605 -123130 -15072.9 0 0 0 0 0 0 262828 401631 49337 0 0 0 0 0 0 -1225.52 -10183.9 11443.9 -20515.6 -170482 -20515.6 -106864 95097.5 11443.9 0 0 0 0 0 0 0 0 0 0 0 0 0 0 0 0 0 0 0 0 0 0 0 0 0 0 0 0 0 0 0 0 0 0 0 0 0 0 0 0 0 0 0 0 0 0 0 0
0 0 0 0 0 0 0 0 0 0 0 0 0 0 0 0 0 0 0 0 0 0 0 0 0 0 0 0 0 0 0 0 0 0 0 0 0 0 0 0 0 0 0 0 0 0 0 0 0 0 0 0 0 0 0 0 0 0 0 0 0 0 0 0 0 0 0 0 0 -16779.8 -137074 -123130 0 0 0 -176153 -1.43899e+06 -176153 -123130 -137074 -16779.8 0 0 0 0 0 0 401631 3.29908e+06 401631 0 0 0 0 0 0 -10183.9 -84626.7 95097.5 -170482 -1.41668e+06 -170482 95097.5 -84626.7 -10183.9 0 0 0 0 0 0 0 0 0 0 0 0 0 0 0 0 0 0 0 0 0 0 0 0 0 0 0 0 0 0 0 0 0 0 0 0 0 0 0 0 0 0 0 0 0 0 0 0
0 0 0 0 0 0 0 0 0 0 0 0 0 0 0 0 0 0 0 0 0 0 0 0 0 0 0 0 0 0 0 0 0 0 0 0 0 0 0 0 0 0 0 0 0 0 0 0 0 0 0 0 0 0 0 0 0 0 0 0 0 0 0 0 0 0 0 0 0 -15072.9 -123130 -110605 0 0 0 -21563.5 -176153 -21563.5 -15072.9 -16779.8 -2054.08 0 0 0 0 0 0 49337 401631 262828 0 0 0 0 0 0 11443.9 95097.5 -106864 -20515.6 -170482 -20515.6 11443.9 -10183.9 -1225.52 0 0 0 0 0 0 0 0 0 0 0 0 0 0 0 0 0 0 0 0 0 0 0 0 0 0 0 0 0 0 0 0 0 0 0 0 0 0 0 0 0 0 0 0 0 0 0 0
0 0 0 0 0 0 0 0 0 0 0 0 0 0 0 0 0 0 0 0 0 0 0 0 0 0 0 0 0 0 0 0 0 0 0 0 0 0 0 0 0 0 0 0 0 0 0 0 0 0 0 0 0 0 0 0 0 0 0 0 0 0 0 0 0 0 -2054.08 16779.8 15072.9 0 0 0 0 0 0 -110605 123130 15072.9 -21563.5 176153 21563.5 0 0 0 0 0 0 0 0 0 262828 -401631 -49337 -1225.52 10183.9 -11443.9 0 0 0 -106864 -95097.5 -11443.9 -20515.6 170482 20515.6 0 0 0 0 0 0 0 0 0 0 0 0 0 0 0 0 0 0 0 0 0 0 0 0 0 0 0 0 0 0 0 0 0 0 0 0 0 0 0 0 0 0 0 0 0 0 0 0
0 0 0 0 0 0 0 0 0 0 0 0 0 0 0 0 0 0 0 0 0 0 0 0 0 0 0 0 0 0 0 0 0 0 0 0 0 0 0 0 0 0 0 0 0 0 0 0 0 0 0 0 0 0 0 0 0 0 0 0 0 0 0 0 0 0 16779.8 -137074 -123130 0 0 0 0 0 0 123130 -137074 -16779.8 176153 -1.43899e+06 -176153 0 0 0 0 0 0 0 0 0 -401631 3.29908e+06 401631 10183.9 -84626.7 95097.5 0 0 0 -95097.5 -84626.7 -10183.9 170482 -1.41668e+06 -170482 0 0 0 0 0 0 0 0 0 0 0 0 0 0 0 0 0 0 0 0 0 0 0 0 0 0 0 0 0 0 0 0 0 0 0 0 0 0 0 0 0 0 0 0 0 0 0 0
0 0 0 0 0 0 0 0 0 0 0 0 0 0 0 0 0 0 0 0 0 0 0 0 0 0 0 0 0 0 0 0 0 0 0 0 0 0 0 0 0 0 0 0 0 0 0 0 0 0 0 0 0 0 0 0 0 0 0 0 0 0 0 0 0 0 15072.9 -123130 -110605 0 0 0 0 0 0 15072.9 -16779.8 -2054.08 21563.5 -176153 -21563.5 0 0 0 0 0 0 0 0 0 -49337 401631 262828 -11443.9 95097.5 -106864 0 0 0 -11443.9 -10183.9 -1225.52 20515.6 -170482 -20515.6 0 0 0 0 0 0 0 0 0 0 0 0 0 0 0 0 0 0 0 0 0 0 0 0 0 0 0 0 0 0 0 0 0 0 0 0 0 0 0 0 0 0 0 0 0 0 0 0
0 0 0 0 0 0 0 0 0 0 0 0 0 0 0 0 0 0 0 0 0 0 0 0 0 0 0 0 0 0 0 0 0 0 0 0 0 0 0 0 0 0 0 0 0 0 0 0 0 0 0 0 0 0 0 0 0 0 0 0 0 0 0 0 0 0 0 0 0 0 0 0 0 0 0 0 0 0 0 0 0 -20515.6 170482 -20515.6 -106864 95097.5 -11443.9 0 0 0 -1225.52 10183.9 -11443.9 264605 -380157 45371.5 0 0 0 0 0 0 0 0 0 -22147.8 178413 -22147.8 -112951 -81279.9 10089.9 0 0 0 -901.332 7260.73 10089.9 0 0 0 0 0 0 0 0 0 0 0 0 0 0 0 0 0 0 0 0 0 0 0 0 0 0 0 0 0 0 0 0 0 0 0 0
0 0 0 0 0 0 0 0 0 0 0 0 0 0 0 0 0 0 0 0 0 0 0 0 0 0 0 0 0 0 0 0 0 0 0 0 0 0 0 0 0 0 0 0 0 0 0 0 0 0 0 0 0 0 0 0 0 0 0 0 0 0 0 0 0 0 0 0 0 0 0 0 0 0 0 0 0 0 0 0 0 170482 -1.41668e+06 170482 95097.5 -84626.7 10183.9 0 0 0 10183.9 -84626.7 95097.5 -380157 3.14013e+06 -380157 0 0 0 0 0 0 0 0 0 178413 -1.43721e+06 178413 -81279.9 -58489.2 7260.73 0 0 0 7260.73 -58489.2 -81279.9 0 0 0 0 0 0 0 0 0 0 0 0 0 0 0 0 0 0 0 0 0 0 0 0 0 0 0 0 0 0 0 0 0 0 0 0
0 0 0 0 0 0 0 0 0 0 0 0 0 0 0 0 0 0 0 0 0 0 0 0 0 0 0 0 0 0 0 0 0 0 0 0 0 0 0 0 0 0 0 0 0 0 0 0 0 0 0 0 0 0 0 0 0 0 0 0 0 0 0 0 0 0 0 0 0 0 0 0 0 0 0 0 0 0 0 0 0 -20515.6 170482 -20515.6 -11443.9 10183.9 -1225.52 0 0 0 -11443.9 95097.5 -106864 45371.5 -380157 264605 0 0 0 0 0 0 0 0 0 -22147.8 178413 -22147.8 10089.9 7260.73 -901.332 0 0 0 10089.9 -81279.9 -112951 0 0 0 0 0 0 0 0 0 0 0 0 0 0 0 0 0 0 0 0 0 0 0 0 0 0 0 0 0 0 0 0 0 0 0 0
0 0 0 0 0 0 0 0 0 0 0 0 0 0 0 0 0 0 0 0 0 0 0 0 0 0 0 0 0 0 0 0 0 0 0 0 0 0 0 0 0 0 0 0 0 0 0 0 0 0 0 0 0 0 0 0 0 0 0 0 0 0 0 0 0 0 0 0 0 0 0 0 0 0 0 0 0 0 0 0 0 -106864 -95097.5 11443.9 -20515.6 -170482 20515.6 -1225.52 -10183.9 11443.9 0 0 0 0 0 0 264605 380157 -45371.5 0 0 0 0 0 0 -112951 81279.9 -10089.9 -22147.8 -178413 22147.8 -901.332 -7260.73 -10089.9 0 0 0 0 0 0 0 0 0 0 0 0 0 0 0 0 0 0 0 0 0 0 0 0 0 0 0 0 0 0 0 0 0 0 0 0 0 0 0
0 0 0 0 0 0 0 0 0 0 0 0 0 0 0 0 0 0 0 0 0 0 0 0 0 0 0 0 0 0 0 0 0 0 0 0 0 0 0 0 0 0 0 0 0 0 0 0 0 0 0 0 0 0 0 0 0 0 0 0 0 0 0 0 0 0 0 0 0 0 0 0 0 0 0 0 0 0 0 0 0 -95097.5 -84626.7 10183.9 -170482 -1.41668e+06 170482 -10183.9 -84626.7 95097.5 0 0 0 0 0 0 380157 3.14013e+06 -380157 0 0 0 0 0 0 81279.9 -58489.2 7260.73 -178413 -1.43721e+06 178413 -7260.73 -58489.2 -81279.9 0 0 0 0 0 0 0 0 0 0 0 0 0 0 0 0 0 0 0 0 0 0 0 0 0 0 0 0 0 0 0 0 0 0 0 0 0 0 0
0 0 0 0 0 0 0 0 0 0 0 0 0 0 0 0 0 0 0 0 0 0 0 0 0 0 0 0 0 0 0 0 0 0 0 0 0 0 0 0 0 0 0 0 0 0 0 0 0 0 0 0 0 0 0 0 0 0 0 0 0 0 0 0 0 0 0 0 0 0 0 0 0 0 0 0 0 0 0 0 0 11443.9 10183.9 -1225.52 20515.6 170482 -20515.6 11443.9 95097.5 -106864 0 0 0 0 0 0 -45371.5 -380157 264605 0 0 0 0 0 0 -10089.9 7260.73 -901.332 22147.8 178413 -22147.8 -10089.9 -81279.9 -112951 0 0 0 0 0 0 0 0 0 0 0 0 0 0 0 0 0 0 0 0 0 0 0 0 0 0 0 0 0 0 0 0 0 0 0 0 0 0 0
0 0 0 0 0 0 0 0 0 0 0 0 0 0 0 0 0 0 0 0 0 0 0 0 0 0 0 0 0 0 0 0 0 0 0 0 0 0 0 0 0 0 0 0 0 0 0 0 0 0 0 0 0 0 0 0 0 0 0 0 0 0 0 0 0 0 0 0 0 0 0 0 0 0 0 0 0 0 0 0 0 0 0 0 -1225.52 -10183.9 -11443.9 -20515.6 -170482 -20515.6 -106864 -95097.5 -11443.9 0 0 0 0 0 0 264605 380157 45371.5 0 0 0 0 0 0 -901.332 -7260.73 10089.9 -22147.8 -178413 -22147.8 -112951 81279.9 10089.9 0 0 0 0 0 0 0 0 0 0 0 0 0 0 0 0 0 0 0 0 0 0 0 0 0 0 0 0 0 0 0 0 0 0 0 0
0 0 0 0 0 0 0 0 0 0 0 0 0 0 0 0 0 0 0 0 0 0 0 0 0 0 0 0 0 0 0 0 0 0 0 0 0 0 0 0 0 0 0 0 0 0 0 0 0 0 0 0 0 0 0 0 0 0 0 0 0 0 0 0 0 0 0 0 0 0 0 0 0 0 0 0 0 0 0 0 0 0 0 0 -10183.9 -84626.7 -95097.5 -170482 -1.41668e+06 -170482 -95097.5 -84626.7 -10183.9 0 0 0 0 0 0 380157 3.14013e+06 380157 0 0 0 0 0 0 -7260.73 -58489.2 81279.9 -178413 -1.43721e+06 -178413 81279.9 -58489.2 -7260.73 0 0 0 0 0 0 0 0 0 0 0 0 0 0 0 0 0 0 0 0 0 0 0 0 0 0 0 0 0 0 0 0 0 0 0 0
0 0 0 0 0 0 0 0 0 0 0 0 0 0 0 0 0 0 0 0 0 0 0 0 0 0 0 0 0 0 0 0 0 0 0 0 0 0 0 0 0 0 0 0 0 0 0 0 0 0 0 0 0 0 0 0 0 0 0 0 0 0 0 0 0 0 0 0 0 0 0 0 0 0 0 0 0 0 0 0 0 0 0 0 -11443.9 -95097.5 -106864 -20515.6 -170482 -20515.6 -11443.9 -10183.9 -1225.52 0 0 0 0 0 0 45371.5 380157 264605 0 0 0 0 0 0 10089.9 81279.9 -112951 -22147.8 -178413 -22147.8 10089.9 -7260.73 -901.332 0 0 0 0 0 0 0 0 0 0 0 0 0 0 0 0 0 0 0 0 0 0 0 0 0 0 0 0 0 0 0 0 0 0 0 0
0 0 0 0 0 0 0 0 0 0 0 0 0 0 0 0 0 0 0 0 0 0 0 0 0 0 0 0 0 0 0 0 0 0 0 0 0 0 0 0 0 0 0 0 0 0 0 0 0 0 0 0 0 0 0 0 0 0 0 0 0 0 0 0 0 0 0 0 0 0 0 0 0 0 0 0 0 0 0 0 0 -1225.52 10183.9 11443.9 0 0 0 -106864 95097.5 11443.9 -20515.6 170482 20515.6 0 0 0 0 0 0 0 0 0 264605 -380157 -45371.5 -901.332 7260.73 -10089.9 0 0 0 -112951 -81279.9 -10089.9 -22147.8 178413 22147.8 0 0 0 0 0 0 0 0 0 0 0 0 0 0 0 0 0 0 0 0 0 0 0 0 0 0 0 0 0 0 0 0 0 0 0 0
0 0 0 0 0 0 0 0 0 0 0 0 0 0 0 0 0 0 0 0 0 0 0 0 0 0 0 0 0 0 0 0 0 0 0 0 0 0 0 0 0 0 0 0 0 0 0 0 0 0 0 0 0 0 0 0 0 0 0 0 0 0 0 0 0 0 0 0 0 0 0 0 0 0 0 0 0 0 0 0 0 10183.9 -84626.7 -95097.5 0 0 0 95097.5 -84626.7 -10183.9 170482 -1.41668e+06 -170482 0 0 0 0 0 0 0 0 0 -380157 3.14013e+06 380157 7260.73 -58489.2 81279.9 0 0 0 -81279.9 -58489.2 -7260.73 178413 -1.43721e+06 -178413 0 0 0 0 0 0 0 0 0 0 0 0 0 0 0 0 0 0 0 0 0 0 0 0 0 0 0 0 0 0 0 0 0 0 0 0
0 0 0 0 0 0 0 0 0 0 0 0 0 0 0 0 0 0 0 0 0 0 0 0 0 0 0 0 0 0 0 0 0 0 0 0 0 0 0 0 0 0 0 0 0 0 0 0 0 0 0 0 0 0 0 0 0 0 0 0 0 0 0 0 0 0 0 0 0 0 0 0 0 0 0 0 0 0 0 0 0 11443.9 -95097.5 -106864 0 0 0 11443.9 -10183.9 -1225.52 20515.6 -170482 -20515.6 0 0 0 0 0 0 0 0 0 -45371.5 380157 264605 -10089.9 81279.9 -112951 0 0 0 -10089.9 -7260.73 -901.332 22147.8 -178413 -22147.8 0 0 0 0 0 0 0 0 0 0 0 0 0 0 0 0 0 0 0 0 0 0 0 0 0 0 0 0 0 0 0 0 0 0 0 0
0 0 0 0 0 0 0 0 0 0 0 0 0 0 0 0 0 0 0 0 0 0 0 0 0 0 0 0 0 0 0 0 0 0 0 0 0 0 0 0 0 0 0 0 0 0 0 0 0 0 0 0 0 0 0 0 0 0 0 0 0 0 0 0 0 0 0 0 0 0 0 0 0 0 0 0 0 0 0 0 0 0 0 0 0 0 0 0 0 0 0 0 0 -22147.8 178413 -22147.8 -112951 81279.9 -10089.9 0 0 0 -901.332 7260.73 -10089.9 247904 -349815 43400.3 0 0 0 0 0 0 0 0 0 -17592.8 144882 -17592.8 -93581.7 -68024.1 8260.07 0 0 0 -729.082 6004.2 8260.07 0 0 0 0 0 0 0 0 0 0 0 0 0 0 0 0 0 0 0 0 0 0 0 0
0 0 0 0 0 0 0 0 0 0 0 0 0 0 0 0 0 0 0 0 0 0 0 0 0 0 0 0 0 0 0 0 0 0 0 0 0 0 0 0 0 0 0 0 0 0 0 0 0 0 0 0 0 0 0 0 0 0 0 0 0 0 0 0 0 0 0 0 0 0 0 0 0 0 0 0 0 0 0 0 0 0 0 0 0 0 0 0 0 0 0 0 0 178413 -1.43721e+06 178413 81279.9 -58489.2 7260.73 0 0 0 7260.73 -58489.2 81279.9 -349815 2.84623e+06 -349815 0 0 0 0 0 0 0 0 0 144882 -1.19314e+06 144882 -68024.1 -49446.4 6004.2 0 0 0 6004.2 -49446.4 -68024.1 0 0 0 0 0 0 0 0 0 0 0 0 0 0 0 0 0 0 0 0 0 0 0 0
0 0 0 0 0 0 0 0 0 0 0 0 0 0 0 0 0 0 0 0 0 0 0 0 0 0 0 0 0 0 0 0 0 0 0 0 0 0 0 0 0 0 0 0 0 0 0 0 0 0 0 0 0 0 0 0 0 0 0 0 0 0 0 0 0 0 0 0 0 0 0 0 0 0 0 0 0 0 0 0 0 0 0 0 0 0 0 0 0 0 0 0 0 -22147.8 178413 -22147.8 -10089.9 7260.73 -901.332 0 0 0 -10089.9 81279.9 -112951 43400.3 -349815 247904 0 0 0 0 0 0 0 0 0 -17592.8 144882 -17592.8 8260.07 6004.2 -729.082 0 0 0 8260.07 -68024.1 -93581.7 0 0 0 0 0 0 0 0 0 0 0 0 0 0 0 0 0 0 0 0 0 0 0 0
0 0 0 0 0 0 0 0 0 0 0 0 0 0 0 0 0 0 0 0 0 0 0 0 0 0 0 0 0 0 0 0 0 0 0 0 0 0 0 0 0 0 0 0 0 0 0 0 0 0 0 0 0 0 0 0 0 0 0 0 0 0 0 0 0 0 0 0 0 0 0 0 0 0 0 0 0 0 0 0 0 0 0 0 0 0 0 0 0 0 0 0 0 -112951 -81279.9 10089.9 -22147.8 -178413 22147.8 -901.332 -7260.73 10089.9 0 0 0 0 0 0 247904 349815 -43400.3 0 0 0 0 0 0 -93581.7 68024.1 -8260.07 -17592.8 -144882 17592.8 -729.082 -6004.2 -8260.07 0 0 0 0 0 0 0 0 0 0 0 0 0 0 0 0 0 0 0 0 0 0 0 0 0 0 0
0 0 0 0 0 0 0 0 0 0 0 0 0 0 0 0 0 0 0 0 0 0 0 0 0 0 0 0 0 0 0 0 0 0 0 0 0 0 0 0 0 0 0 0 0 0 0 0 0 0 0 0 0 0 0 0 0 0 0 0 0 0 0 0 0 0 0 0 0 0 0 0 0 0 0 0 0 0 0 0 0 0 0 0 0 0 0 0 0 0 0 0 0 -81279.9 -58489.2 7260.73 -178413 -1.43721e+06 178413 -7260.73 -58489.2 81279.9 0 0 0 0 0 0 349815 2.84623e+06 -349815 0 0 0 0 0 0 68024.1 -49446.4 6004.2 -144882 -1.19314e+06 144882 -6004.2 -49446.4 -68024.1 0 0 0 0 0 0 0 0 0 0 0 0 0 0 0 0 0 0 0 0 0 0 0 0 0 0 0
0 0 0 0 0 0 0 0 0 0 0 0 0 0 0 0 0 0 0 0 0 0 0 0 0 0 0 0 0 0 0 0 0 0 0 0 0 0 0 0 0 0 0 0 0 0 0 0 0 0 0 0 0 0 0 0 0 0 0 0 0 0 0 0 0 0 0 0 0 0 0 0 0 0 0 0 0 0 0 0 0 0 0 0 0 0 0 0 0 0 0 0 0 10089.9 7260.73 -901.332 22147.8 178413 -22147.8 10089.9 81279.9 -112951 0 0 0 0 0 0 -43400.3 -349815 247904 0 0 0 0 0 0 -8260.07 6004.2 -729.082 17592.8 144882 -17592.8 -8260.07 -68024.1 -93581.7 0 0 0 0 0 0 0 0 0 0 0 0 0 0 0 0 0 0 0 0 0 0 0 0 0 0 0
0 0 0 0 0 0 0 0 0 0 0 0 0 0 0 0 0 0 0 0 0 0 0 0 0 0 0 0 0 0 0 0 0 0 0 0 0 0 0 0 0 0 0 0 0 0 0 0 0 0 0 0 0 0 0 0 0 0 0 0 0 0 0 0 0 0 0 0 0 0 0 0 0 0 0 0 0 0 0 0 0 0 0 0 0 0 0 0 0 0 0 0 0 0 0 0 -901.332 -7260.73 -10089.9 -22147.8 -178413 -22147.8 -112951 -81279.9 -10089.9 0 0 0 0 0 0 247904 349815 43400.3 0 0 0 0 0 0 -729.082 -6004.2 8260.07 -17592.8 -144882 -17592.8 -93581.7 68024.1 8260.07 0 0 0 0 0 0 0 0 0 0 0 0 0 0 0 0 0 0 0 0 0 0 0 0
0 0 0 0 0 0 0 0 0 0 0 0 0 0 0 0 0 0 0 0 0 0 0 0 0 0 0 0 0 0 0 0 0 0 0 0 0 0 0 0 0 0 0 0 0 0 0 0 0 0 0 0 0 0 0 0 0 0 0 0 0 0 0 0 0 0 0 0 0 0 0 0 0 0 0 0 0 0 0 0 0 0 0 0 0 0 0 0 0 0 0 0 0 0 0 0 -7260.73 -58489.2 -81279.9 -178413 -1.43721e+06 -178413 -81279.9 -58489.2 -7260.73 0 0 0 0 0 0 349815 2.84623e+06 349815 0 0 0 0 0 0 -6004.2 -49446.4 68024.1 -144882 -1.19314e+06 -144882 68024.1 -49446.4 -6004.2 0 0 0 0 0 0 0 0 0 0 0 0 0 0 0 0 0 0 0 0 0 0 0 0
0 0 0 0 0 0 0 0 0 0 0 0 0 0 0 0 0 0 0 0 0 0 0 0 0 0 0 0 0 0 0 0 0 0 0 0 0 0 0 0 0 0 0 0 0 0 0 0 0 0 0 0 0 0 0 0 0 0 0 0 0 0 0 0 0 0 0 0 0 0 0 0 0 0 0 0 0 0 0 0 0 0 0 0 0 0 0 0 0 0 0 0 0 0 0 0 -10089.9 -81279.9 -112951 -22147.8 -178413 -22147.8 -10089.9 -7260.73 -901.332 0 0 0 0 0 0 43400.3 349815 247904 0 0 0 0 0 0 8260.07 68024.1 -93581.7 -17592.8 -144882 -17592.8 8260.07 -6004.2 -729.082 0 0 0 0 0 0 0 0 0 0 0 0 0 0 0 0 0 0 0 0 0 0 0 0
0 0 0 0 0 0 0 0 0 0 0 0 0 0 0 0 0 0 0 0 0 0 0 0 0 0 0 0 0 0 0 0 0 0 0 0 0 0 0 0 0 0 0 0 0 0 0 0 0 0 0 0 0 0 0 0 0 0 0 0 0 0 0 0 0 0 0 0 0 0 0 0 0 0 0 0 0 0 0 0 0 0 0 0 0 0 0 0 0 0 0 0 0 -901.332 7260.73 10089.9 0 0 0 -112951 81279.9 10089.9 -22147.8 178413 22147.8 0 0 0 0 0 0 0 0 0 247904 -349815 -43400.3 -729.082 6004.2 -8260.07 0 0 0 -93581.7 -68024.1 -8260.07 -17592.8 144882 17592.8 0 0 0 0 0 0 0 0 0 0 0 0 0 0 0 0 0 0 0 0 0 0 0 0
0 0 0 0 0 0 0 0 0 0 0 0 0 0 0 0 0 0 0 0 0 0 0 0 0 0 0 0 0 0 0 0 0 0 0 0 0 0 0 0 0 0 0 0 0 0 0 0 0 0 0 0 0 0 0 0 0 0 0 0 0 0 0 0 0 0 0 0 0 0 0 0 0 0 0 0 0 0 0 0 0 0 0 0 0 0 0 0 0 0 0 0 0 7260.73 -58489.2 -81279.9 0 0 0 81279.9 -58489.2 -7260.73 178413 -1.43721e+06 -178413 0 0 0 0 0 0 0 0 0 -349815 2.84623e+06 349815 6004.2 -49446.4 68024.1 0 0 0 -68024.1 -49446.4 -6004.2 144882 -1.19314e+06 -144882 0 0 0 0 0 0 0 0 0 0 0 0 0 0 0 0 0 0 0 0 0 0 0 0
0 0 0 0 0 0 0 0 0 0 0 0 0 0 0 0 0 0 0 0 0 0 0 0 0 0 0 0 0 0 0 0 0 0 0 0 0 0 0 0 0 0 0 0 0 0 0 0 0 0 0 0 0 0 0 0 0 0 0 0 0 0 0 0 0 0 0 0 0 0 0 0 0 0 0 0 0 0 0 0 0 0 0 0 0 0 0 0 0 0 0 0 0 10089.9 -81279.9 -112951 0 0 0 10089.9 -7260.73 -901.332 22147.8 -178413 -22147.8 0 0 0 0 0 0 0 0 0 -43400.3 349815 247904 -8260.07 68024.1 -93581.7 0 0 0 -8260.07 -6004.2 -729.082 17592.8 -144882 -17592.8 0 0 0 0 0 0 0 0 0 0 0 0 0 0 0 0 0 0 0 0 0 0 0 0
0 0 0 0 0 0 0 0 0 0 0 0 0 0 0 0 0 0 0 0 0 0 0 0 0 0 0 0 0 0 0 0 0 0 0 0 0 0 0 0 0 0 0 0 0 0 0 0 0 0 0 0 0 0 0 0 0 0 0 0 0 0 0 0 0 0 0 0 0 0 0 0 0 0 0 0 0 0 0 0 0 0 0 0 0 0 0 0 0 0 0 0 0 0 0 0 0 0 0 0 0 0 0 0 0 -17592.8 144882 -17592.8 -93581.7 68024.1 -8260.07 0 0 0 -729.082 6004.2 -8260.07 234466 -302696 35771.9 0 0 0 0 0 0 0 0 0 -17648.7 144030 -17648.7 -104301 -65245.3 7994.84 0 0 0 -612.821 5001.18 7994.84 0 0 0 0 0 0 0 0 0 0 0 0
0 0 0 0 0 0 0 0 0 0 0 0 0 0 0 0 0 0 0 0 0 0 0 0 0 0 0 0 0 0 0 0 0 0 0 0 0 0 0 0 0 0 0 0 0 0 0 0 0 0 0 0 0 0 0 0 0 0 0 0 0 0 0 0 0 0 0 0 0 0 0 0 0 0 0 0 0 0 0 0 0 0 0 0 0 0 0 0 0 0 0 0 0 0 0 0 0 0 0 0 0 0 0 0 0 144882 -1.19314e+06 144882 68024.1 -49446.4 6004.2 0 0 0 6004.2 -49446.4 68024.1 -302696 2.54908e+06 -302696 0 0 0 0 0 0 0 0 0 144030 -1.17541e+06 144030 -65245.3 -40814.2 5001.18 0 0 0 5001.18 -40814.2 -65245.3 0 0 0 0 0 0 0 0 0 0 0 0
0 0 0 0 0 0 0 0 0 0 0 0 0 0 0 0 0 0 0 0 0 0 0 0 0 0 0 0 0 0 0 0 0 0 0 0 0 0 0 0 0 0 0 0 0 0 0 0 0 0 0 0 0 0 0 0 0 0 0 0 0 0 0 0 0 0 0 0 0 0 0 0 0 0 0 0 0 0 0 0 0 0 0 0 0 0 0 0 0 0 0 0 0 0 0 0 0 0 0 0 0 0 0 0 0 -17592.8 144882 -17592.8 -8260.07 6004.2 -729.082 0 0 0 -8260.07 68024.1 -93581.7 35771.9 -302696 234466 0 0 0 0 0 0 0 0 0 -17648.7 144030 -17648.7 7994.84 5001.18 -612.821 0 0 0 7994.84 -65245.3 -104301 0 0 0 0 0 0 0 0 0 0 0 0
0 0 0 0 0 0 0 0 0 0 0 0 0 0 0 0 0 0 0 0 0 0 0 0 0 0 0 0 0 0 0 0 0 0 0 0 0 0 0 0 0 0 0 0 0 0 0 0 0 0 0 0 0 0 0 0 0 0 0 0 0 0 0 0 0 0 0 0 0 0 0 0 0 0 0 0 0 0 0 0 0 0 0 0 0 0 0 0 0 0 0 0 0 0 0 0 0 0 0 0 0 0 0 0 0 -93581.7 -68024.1 8260.07 -17592.8 -144882 17592.8 -729.082 -6004.2 8260.07 0 0 0 0 0 0 234466 302696 -35771.9 0 0 0 0 0 0 -104301 65245.3 -7994.84 -17648.7 -144030 17648.7 -612.821 -5001.18 -7994.84 0 0 0 0 0 0 0 0 0 0 0 0 0 0 0
0 0 0 0 0 0 0 0 0 0 0 0 0 0 0 0 0 0 0 0 0 0 0 0 0 0 0 0 0 0 0 0 0 0 0 0 0 0 0 0 0 0 0 0 0 0 0 0 0 0 0 0 0 0 0 0 0 0 0 0 0 0 0 0 0 0 0 0 0 0 0 0 0 0 0 0 0 0 0 0 0 0 0 0 0 0 0 0 0 0 0 0 0 0 0 0 0 0 0 0 0 0 0 0 0 -68024.1 -49446.4 6004.2 -144882 -1.19314e+06 144882 -6004.2 -49446.4 68024.1 0 0 0 0 0 0 302696 2.54908e+06 -302696 0 0 0 0 0 0 65245.3 -40814.2 5001.18 -144030 -1.17541e+06 144030 -5001.18 -40814.2 -65245.3 0 0 0 0 0 0 0 0 0 0 0 0 0 0 0
0 0 0 0 0 0 0 0 0 0 0 0 0 0 0 0 0 0 0 0 0 0 0 0 0 0 0 0 0 0 0 0 0 0 0 0 0 0 0 0 0 0 0 0 0 0 0 0 0 0 0 0 0 0 0 0 0 0 0 0 0 0 0 0 0 0 0 0 0 0 0 0 0 0 0 0 0 0 0 0 0 0 0 0 0 0 0 0 0 0 0 0 0 0 0 0 0 0 0 0 0 0 0 0 0 8260.07 6004.2 -729.082 17592.8 144882 -17592.8 8260.07 68024.1 -93581.7 0 0 0 0 0 0 -35771.9 -302696 234466 0 0 0 0 0 0 -7994.84 5001.18 -612.821 17648.7 144030 -17648.7 -7994.84 -65245.3 -104301 0 0 0 0 0 0 0 0 0 0 0 0 0 0 0
0 0 0 0 0 0 0 0 0 0 0 0 0 0 0 0 0 0 0 0 0 0 0 0 0 0 0 0 0 0 0 0 0 0 0 0 0 0 0 0 0 0 0 0 0 0 0 0 0 0 0 0 0 0 0 0 0 0 0 0 0 0 0 0 0 0 0 0 0 0 0 0 0 0 0 0 0 0 0 0 0 0 0 0 0 0 0 0 0 0 0 0 0 0 0 0 0 0 0 0 0 0 0 0 0 0 0 0 -729.082 -6004.2 -8260.07 -17592.8 -144882 -17592.8 -93581.7 -68024.1 -8260.07 0 0 0 0 0 0 234466 302696 35771.9 0 0 0 0 0 0 -612.821 -5001.18 7994.84 -17648.7 -144030 -17648.7 -104301 65245.3 7994.84 0 0 0 0 0 0 0 0 0 0 0 0
0 0 0 0 0 0 0 0 0 0 0 0 0 0 0 0 0 0 0 0 0 0 0 0 0 0 0 0 0 0 0 0 0 0 0 0 0 0 0 0 0 0 0 0 0 0 0 0 0 0 0 0 0 0 0 0 0 0 0 0 0 0 0 0 0 0 0 0 0 0 0 0 0 0 0 0 0 0 0 0 0 0 0 0 0 0 0 0 0 0 0 0 0 0 0 0 0 0 0 0 0 0 0 0 0 0 0 0 -6004.2 -49446.4 -68024.1 -144882 -1.19314e+06 -144882 -68024.1 -49446.4 -6004.2 0 0 0 0 0 0 302696 2.54908e+06 302696 0 0 0 0 0 0 -5001.18 -40814.2 65245.3 -144030 -1.17541e+06 -144030 65245.3 -40814.2 -5001.18 0 0 0 0 0 0 0 0 0 0 0 0
0 0 0 0 0 0 0 0 0 0 0 0 0 0 0 0 0 0 0 0 0 0 0 0 0 0 0 0 0 0 0 0 0 0 0 0 0 0 0 0 0 0 0 0 0 0 0 0 0 0 0 0 0 0 0 0 0 0 0 0 0 0 0 0 0 0 0 0 0 0 0 0 0 0 0 0 0 0 0 0 0 0 0 0 0 0 0 0 0 0 0 0 0 0 0 0 0 0 0 0 0 0 0 0 0 0 0 0 -8260.07 -68024.1 -93581.7 -17592.8 -144882 -17592.8 -8260.07 -6004.2 -729.082 0 0 0 0 0 0 35771.9 302696 234466 0 0 0 0 0 0 7994.84 65245.3 -104301 -17648.7 -144030 -17648.7 7994.84 -5001.18 -612.821 0 0 0 0 0 0 0 0 0 0 0 0
0 0 0 0 0 0 0 0 0 0 0 0 0 0 0 0 0 0 0 0 0 0 0 0 0 0 0 0 0 0 0 0 0 0 0 0 0 0 0 0 0 0 0 0 0 0 0 0 0 0 0 0 0 0 0 0 0 0 0 0 0 0 0 0 0 0 0 0 0 0 0 0 0 0 0 0 0 0 0 0 0 0 0 0 0 0 0 0 0 0 0 0 0 0 0 0 0 0 0 0 0 0 0 0 0 -729.082 6004.2 8260.07 0 0 0 -93581.7 68024.1 8260.07 -17592.8 144882 17592.8 0 0 0 0 0 0 0 0 0 234701 -304621 -39377.9 0 0 0 0 0 0 -104301 -65245.3 -7994.84 -17648.7 144030 17648.7 -848.046 6926.27 -4388.89 0 0 0 0 0 0 0 0 0
0 0 0 0 0 0 0 0 0 0 0 0 0 0 0 0 0 0 0 0 0 0 0 0 0 0 0 0 0 0 0 0 0 0 0 0 0 0 0 0 0 0 0 0 0 0 0 0 0 0 0 0 0 0 0 0 0 0 0 0 0 0 0 0 0 0 0 0 0 0 0 0 0 0 0 0 0 0 0 0 0 0 0 0 0 0 0 0 0 0 0 0 0 0 0 0 0 0 0 0 0 0 0 0 0 6004.2 -49446.4 -68024.1 0 0 0 68024.1 -49446.4 -6004.2 144882 -1.19314e+06 -144882 0 0 0 0 0 0 0 0 0 -304621 2.56483e+06 332095 0 0 0 0 0 0 -65245.3 -40814.2 -5001.18 144030 -1.17541e+06 -144030 6926.27 -56569.2 35845.5 0 0 0 0 0 0 0 0 0
0 0 0 0 0 0 0 0 0 0 0 0 0 0 0 0 0 0 0 0 0 0 0 0 0 0 0 0 0 0 0 0 0 0 0 0 0 0 0 0 0 0 0 0 0 0 0 0 0 0 0 0 0 0 0 0 0 0 0 0 0 0 0 0 0 0 0 0 0 0 0 0 0 0 0 0 0 0 0 0 0 0 0 0 0 0 0 0 0 0 0 0 0 0 0 0 0 0 0 0 0 0 0 0 0 8260.07 -68024.1 -93581.7 0 0 0 8260.07 -6004.2 -729.082 17592.8 -144882 -17592.8 0 0 0 0 0 0 0 0 0 -39377.9 332095 152879 0 0 0 0 0 0 -7994.84 -5001.18 -612.821 17648.7 -144030 -17648.7 -4388.89 35845.5 -22713.8 0 0 0 0 0 0 0 0 0
0 0 0 0 0 0 0 0 0 0 0 0 0 0 0 0 0 0 0 0 0 0 0 0 0 0 0 0 0 0 0 0 0 0 0 0 0 0 0 0 0 0 0 0 0 0 0 0 0 0 0 0 0 0 0 0 0 0 0 0 0 0 0 0 0 0 0 0 0 0 0 0 0 0 0 0 0 0 0 0 0 0 0 0 0 0 0 0 0 0 0 0 0 0 0 0 0 0 0 0 0 0 0 0 0 0 0 0 0 0 0 0 0 0 0 0 0 -17648.7 144030 -17648.7 -104301 65245.3 -7994.84 0 0 0 0 0 0 352133 -256548 53154 -160188 0 0 -26220 0 -26220 0 0 0 -9329.71 76230.6 -9329.71 -33970.6 -32843.2 4019.61 0 0 0 -475.625 3886.21 4019.61
0 0 0 0 0 0 0 0 0 0 0 0 0 0 0 0 0 0 0 0 0 0 0 0 0 0 0 0 0 0 0 0 0 0 0 0 0 0 0 0 0 0 0 0 0 0 0 0 0 0 0 0 0 0 0 0 0 0 0 0 0 0 0 0 0 0 0 0 0 0 0 0 0 0 0 0 0 0 0 0 0 0 0 0 0 0 0 0 0 0 0 0 0 0 0 0 0 0 0 0 0 0 0 0 0 0 0 0 0 0 0 0 0 0 0 0 0 144030 -1.17541e+06 144030 65245.3 -40814.2 5001.18 0 0 0 0 0 0 -256548 1.90259e+06 -196304 0 0 0 0 0 0 0 0 0 76230.6 -622860 76230.6 -32843.2 -31753.2 3886.21 0 0 0 3886.21 -31753.2 -32843.2
0 0 0 0 0 0 0 0 0 0 0 0 0 0 0 0 0 0 0 0 0 0 0 0 0 0 0 0 0 0 0 0 0 0 0 0 0 0 0 0 0 0 0 0 0 0 0 0 0 0 0 0 0 0 0 0 0 0 0 0 0 0 0 0 0 0 0 0 0 0 0 0 0 0 0 0 0 0 0 0 0 0 0 0 0 0 0 0 0 0 0 0 0 0 0 0 0 0 0 0 0 0 0 0 0 0 0 0 0 0 0 0 0 0 0 0 0 -17648.7 144030 -17648.7 -7994.84 5001.18 -612.821 0 0 0 0 0 0 53154 -196304 248446 0 0 0 -26220 0 -26220 0 0 -160188 -9329.71 76230.6 -9329.71 4019.61 3886.21 -475.625 0 0 0 4019.61 -32843.2 -33970.6
0 0 0 0 0 0 0 0 0 0 0 0 0 0 0 0 0 0 0 0 0 0 0 0 0 0 0 0 0 0 0 0 0 0 0 0 0 0 0 0 0 0 0 0 0 0 0 0 0 0 0 0 0 0 0 0 0 0 0 0 0 0 0 0 0 0 0 0 0 0 0 0 0 0 0 0 0 0 0 0 0 0 0 0 0 0 0 0 0 0 0 0 0 0 0 0 0 0 0 0 0 0 0 0 0 0 0 0 0 0 0 0 0 0 0 0 0 -104301 -65245.3 7994.84 -17648.7 -144030 17648.7 -612.821 -5001.18 7994.84 0 0 0 -160188 0 0 352746 261550 -61148.8 0 0 0 -26220 0 26220 -33970.6 32843.2 -4019.61 -9329.71 -76230.6 9329.71 -475.625 -3886.21 -4019.61 0 0 0
0 0 0 0 0 0 0 0 0 0 0 0 0 0 0 0 0 0 0 0 0 0 0 0 0 0 0 0 0 0 0 0 0 0 0 0 0 0 0 0 0 0 0 0 0 0 0 0 0 0 0 0 0 0 0 0 0 0 0 0 0 0 0 0 0 0 0 0 0 0 0 0 0 0 0 0 0 0 0 0 0 0 0 0 0 0 0 0 0 0 0 0 0 0 0 0 0 0 0 0 0 0 0 0 0 0 0 0 0 0 0 0 0 0 0 0 0 -65245.3 -40814.2 5001.18 -144030 -1.17541e+06 144030 -5001.18 -40814.2 65245.3 0 0 0 0 0 0 261550 1.94341e+06 -261550 0 0 0 0 0 0 32843.2 -31753.2 3886.21 -76230.6 -622860 76230.6 -3886.21 -31753.2 -32843.2 0 0 0
0 0 0 0 0 0 0 0 0 0 0 0 0 0 0 0 0 0 0 0 0 0 0 0 0 0 0 0 0 0 0 0 0 0 0 0 0 0 0 0 0 0 0 0 0 0 0 0 0 0 0 0 0 0 0 0 0 0 0 0 0 0 0 0 0 0 0 0 0 0 0 0 0 0 0 0 0 0 0 0 0 0 0 0 0 0 0 0 0 0 0 0 0 0 0 0 0 0 0 0 0 0 0 0 0 0 0 0 0 0 0 0 0 0 0 0 0 7994.84 5001.18 -612.821 17648.7 144030 -17648.7 7994.84 65245.3 -104301 0 0 0 0 0 0 -61148.8 -261550 352746 0 0 -160188 26220 0 -26220 -4019.61 3886.21 -475.625 9329.71 76230.6 -9329.71 -4019.61 -32843.2 -33970.6 0 0 0
0 0 0 0 0 0 0 0 0 0 0 0 0 0 0 0 0 0 0 0 0 0 0 0 0 0 0 0 0 0 0 0 0 0 0 0 0 0 0 0 0 0 0 0 0 0 0 0 0 0 0 0 0 0 0 0 0 0 0 0 0 0 0 0 0 0 0 0 0 0 0 0 0 0 0 0 0 0 0 0 0 0 0 0 0 0 0 0 0 0 0 0 0 0 0 0 0 0 0 0 0 0 0 0 0 0 0 0 0 0 0 0 0 0 0 0 0 0 0 0 -612.821 -5001.18 -7994.84 -17648.7 -144030 -17648.7 -104301 -65245.3 -7994.84 -26220 0 -26220 0 0 0 352746 261550 61148.8 -160188 0 0 0 0 0 -475.625 -3886.21 4019.61 -9329.71 -76230.6 -9329.71 -33970.6 32843.2 4019.61
0 0 0 0 0 0 0 0 0 0 0 0 0 0 0 0 0 0 0 0 0 0 0 0 0 0 0 0 0 0 0 0 0 0 0 0 0 0 0 0 0 0 0 0 0 0 0 0 0 0 0 0 0 0 0 0 0 0 0 0 0 0 0 0 0 0 0 0 0 0 0 0 0 0 0 0 0 0 0 0 0 0 0 0 0 0 0 0 0 0 0 0 0 0 0 0 0 0 0 0 0 0 0 0 0 0 0 0 0 0 0 0 0 0 0 0 0 0 0 0 -5001.18 -40814.2 -65245.3 -144030 -1.17541e+06 -144030 -65245.3 -40814.2 -5001.18 0 0 0 0 0 0 261550 1.94341e+06 261550 0 0 0 0 0 0 -3886.21 -31753.2 32843.2 -76230.6 -622860 -76230.6 32843.2 -31753.2 -3886.21
0 0 0 0 0 0 0 0 0 0 0 0 0 0 0 0 0 0 0 0 0 0 0 0 0 0 0 0 0 0 0 0 0 0 0 0 0 0 0 0 0 0 0 0 0 0 0 0 0 0 0 0 0 0 0 0 0 0 0 0 0 0 0 0 0 0 0 0 0 0 0 0 0 0 0 0 0 0 0 0 0 0 0 0 0 0 0 0 0 0 0 0 0 0 0 0 0 0 0 0 0 0 0 0 0 0 0 0 0 0 0 0 0 0 0 0 0 0 0 0 -7994.84 -65245.3 -104301 -17648.7 -144030 -17648.7 -7994.84 -5001.18 -612.821 -26220 0 -26220 0 0 -160188 61148.8 261550 352746 0 0 0 0 0 0 4019.61 32843.2 -33970.6 -9329.71 -76230.6 -9329.71 4019.61 -3886.21 -475.625
0 0 0 0 0 0 0 0 0 0 0 0 0 0 0 0 0 0 0 0 0 0 0 0 0 0 0 0 0 0 0 0 0 0 0 0 0 0 0 0 0 0 0 0 0 0 0 0 0 0 0 0 0 0 0 0 0 0 0 0 0 0 0 0 0 0 0 0 0 0 0 0 0 0 0 0 0 0 0 0 0 0 0 0 0 0 0 0 0 0 0 0 0 0 0 0 0 0 0 0 0 0 0 0 0 0 0 0 0 0 0 0 0 0 0 0 0 -612.821 5001.18 7994.84 0 0 0 -104301 65245.3 7994.84 -17648.7 144030 17648.7 0 0 0 -26220 0 26220 -160188 0 0 352746 -261550 -61148.8 -475.625 3886.21 -4019.61 0 0 0 -33970.6 -32843.2 -4019.61 -9329.71 76230.6 9329.71
0 0 0 0 0 0 0 0 0 0 0 0 0 0 0 0 0 0 0 0 0 0 0 0 0 0 0 0 0 0 0 0 0 0 0 0 0 0 0 0 0 0 0 0 0 0 0 0 0 0 0 0 0 0 0 0 0 0 0 0 0 0 0 0 0 0 0 0 0 0 0 0 0 0 0 0 0 0 0 0 0 0 0 0 0 0 0 0 0 0 0 0 0 0 0 0 0 0 0 0 0 0 0 0 0 0 0 0 0 0 0 0 0 0 0 0 0 5001.18 -40814.2 -65245.3 0 0 0 65245.3 -40814.2 -5001.18 144030 -1.17541e+06 -144030 0 0 0 0 0 0 0 0 0 -261550 1.94341e+06 261550 3886.21 -31753.2 32843.2 0 0 0 -32843.2 -31753.2 -3886.21 76230.6 -622860 -76230.6
0 0 0 0 0 0 0 0 0 0 0 0 0 0 0 0 0 0 0 0 0 0 0 0 0 0 0 0 0 0 0 0 0 0 0 0 0 0 0 0 0 0 0 0 0 0 0 0 0 0 0 0 0 0 0 0 0 0 0 0 0 0 0 0 0 0 0 0 0 0 0 0 0 0 0 0 0 0 0 0 0 0 0 0 0 0 0 0 0 0 0 0 0 0 0 0 0 0 0 0 0 0 0 0 0 0 0 0 0 0 0 0 0 0 0 0 0 7994.84 -65245.3 -104301 0 0 0 7994.84 -5001.18 -612.821 17648.7 -144030 -17648.7 0 0 -160188 26220 0 -26220 0 0 0 -61148.8 261550 352746 -4019.61 32843.2 -33970.6 0 0 0 -4019.61 -3886.21 -475.625 9329.71 -76230.6 -9329.71
0 0 0 0 0 0 0 0 0 0 0 0 0 0 0 0 0 0 0 0 0 0 0 0 0 0 0 0 0 0 0 0 0 0 0 0 0 0 0 0 0 0 0 0 0 0 0 0 0 0 0 0 0 0 0 0 0 0 0 0 0 0 0 0 0 0 0 0 0 0 0 0 0 0 0 0 0 0 0 0 0 0 0 0 0 0 0 0 0 0 0 0 0 0 0 0 0 0 0 0 0 0 0 0 0 0 0 0 0 0 0 0 0 0 0 0 0 0 0 0 0 0 0 0 0 0 -848.046 6926.27 -4388.89 -9329.71 76230.6 -9329.71 -33970.6 32843.2 -4019.61 0 0 0 -475.625 3886.21 -4019.61 242073 -177398 25079.7 -155446 0 0 0 0 0 0 0 0
0 0 0 0 0 0 0 0 0 0 0 0 0 0 0 0 0 0 0 0 0 0 0 0 0 0 0 0 0 0 0 0 0 0 0 0 0 0 0 0 0 0 0 0 0 0 0 0 0 0 0 0 0 0 0 0 0 0 0 0 0 0 0 0 0 0 0 0 0 0 0 0 0 0 0 0 0 0 0 0 0 0 0 0 0 0 0 0 0 0 0 0 0 0 0 0 0 0 0 0 0 0 0 0 0 0 0 0 0 0 0 0 0 0 0 0 0 0 0 0 0 0 0 0 0 0 6926.27 -56569.2 35845.5 76230.6 -622860 76230.6 32843.2 -31753.2 3886.21 0 0 0 3886.21 -31753.2 32843.2 -177398 1.46256e+06 -206317 0 0 0 0 0 0 0 0 0
0 0 0 0 0 0 0 0 0 0 0 0 0 0 0 0 0 0 0 0 0 0 0 0 0 0 0 0 0 0 0 0 0 0 0 0 0 0 0 0 0 0 0 0 0 0 0 0 0 0 0 0 0 0 0 0 0 0 0 0 0 0 0 0 0 0 0 0 0 0 0 0 0 0 0 0 0 0 0 0 0 0 0 0 0 0 0 0 0 0 0 0 0 0 0 0 0 0 0 0 0 0 0 0 0 0 0 0 0 0 0 0 0 0 0 0 0 0 0 0 0 0 0 0 0 0 -4388.89 35845.5 -22713.8 -9329.71 76230.6 -9329.71 -4019.61 3886.21 -475.625 0 0 0 -4019.61 32843.2 -33970.6 25079.7 -206317 263939 0 0 0 0 0 0 0 0 -155446
0 0 0 0 0 0 0 0 0 0 0 0 0 0 0 0 0 0 0 0 0 0 0 0 0 0 0 0 0 0 0 0 0 0 0 0 0 0 0 0 0 0 0 0 0 0 0 0 0 0 0 0 0 0 0 0 0 0 0 0 0 0 0 0 0 0 0 0 0 0 0 0 0 0 0 0 0 0 0 0 0 0 0 0 0 0 0 0 0 0 0 0 0 0 0 0 0 0 0 0 0 0 0 0 0 0 0 0 0 0 0 0 0 0 0 0 0 0 0 0 0 0 0 0 0 0 0 0 0 -33970.6 -32843.2 4019.61 -9329.71 -76230.6 9329.71 -475.625 -3886.21 4019.61 0 0 0 -155446 0 0 241225 170471 -20690.8 0 0 0 0 0 0
0 0 0 0 0 0 0 0 0 0 0 0 0 0 0 0 0 0 0 0 0 0 0 0 0 0 0 0 0 0 0 0 0 0 0 0 0 0 0 0 0 0 0 0 0 0 0 0 0 0 0 0 0 0 0 0 0 0 0 0 0 0 0 0 0 0 0 0 0 0 0 0 0 0 0 0 0 0 0 0 0 0 0 0 0 0 0 0 0 0 0 0 0 0 0 0 0 0 0 0 0 0 0 0 0 0 0 0 0 0 0 0 0 0 0 0 0 0 0 0 0 0 0 0 0 0 0 0 0 -32843.2 -31753.2 3886.21 -76230.6 -622860 76230.6 -3886.21 -31753.2 32843.2 0 0 0 0 0 0 170471 1.40599e+06 -170471 0 0 0 0 0 0
0 0 0 0 0 0 0 0 0 0 0 0 0 0 0 0 0 0 0 0 0 0 0 0 0 0 0 0 0 0 0 0 0 0 0 0 0 0 0 0 0 0 0 0 0 0 0 0 0 0 0 0 0 0 0 0 0 0 0 0 0 0 0 0 0 0 0 0 0 0 0 0 0 0 0 0 0 0 0 0 0 0 0 0 0 0 0 0 0 0 0 0 0 0 0 0 0 0 0 0 0 0 0 0 0 0 0 0 0 0 0 0 0 0 0 0 0 0 0 0 0 0 0 0 0 0 0 0 0 4019.61 3886.21 -475.625 9329.71 76230.6 -9329.71 4019.61 32843.2 -33970.6 0 0 0 0 0 0 -20690.8 -170471 241225 0 0 -155446 0 0 0
0 0 0 0 0 0 0 0 0 0 0 0 0 0 0 0 0 0 0 0 0 0 0 0 0 0 0 0 0 0 0 0 0 0 0 0 0 0 0 0 0 0 0 0 0 0 0 0 0 0 0 0 0 0 0 0 0 0 0 0 0 0 0 0 0 0 0 0 0 0 0 0 0 0 0 0 0 0 0 0 0 0 0 0 0 0 0 0 0 0 0 0 0 0 0 0 0 0 0 0 0 0 0 0 0 0 0 0 0 0 0 0 0 0 0 0 0 0 0 0 0 0 0 0 0 0 0 0 0 0 0 0 -475.625 -3886.21 -4019.61 -9329.71 -76230.6 -9329.71 -33970.6 -32843.2 -4019.61 0 0 0 0 0 0 241225 170471 20690.8 -155446 0 0
0 0 0 0 0 0 0 0 0 0 0 0 0 0 0 0 0 0 0 0 0 0 0 0 0 0 0 0 0 0 0 0 0 0 0 0 0 0 0 0 0 0 0 0 0 0 0 0 0 0 0 0 0 0 0 0 0 0 0 0 0 0 0 0 0 0 0 0 0 0 0 0 0 0 0 0 0 0 0 0 0 0 0 0 0 0 0 0 0 0 0 0 0 0 0 0 0 0 0 0 0 0 0 0 0 0 0 0 0 0 0 0 0 0 0 0 0 0 0 0 0 0 0 0 0 0 0 0 0 0 0 0 -3886.21 -31753.2 -32843.2 -76230.6 -622860 -76230.6 -32843.2 -31753.2 -3886.21 0 0 0 0 0 0 170471 1.40599e+06 170471 0 0 0
0 0 0 0 0 0 0 0 0 0 0 0 0 0 0 0 0 0 0 0 0 0 0 0 0 0 0 0 0 0 0 0 0 0 0 0 0 0 0 0 0 0 0 0 0 0 0 0 0 0 0 0 0 0 0 0 0 0 0 0 0 0 0 0 0 0 0 0 0 0 0 0 0 0 0 0 0 0 0 0 0 0 0 0 0 0 0 0 0 0 0 0 0 0 0 0 0 0 0 0 0 0 0 0 0 0 0 0 0 0 0 0 0 0 0 0 0 0 0 0 0 0 0 0 0 0 0 0 0 0 0 0 -4019.61 -32843.2 -33970.6 -9329.71 -76230.6 -9329.71 -4019.61 -3886.21 -475.625 0 0 0 0 0 -155446 20690.8 170471 241225 0 0 0
0 0 0 0 0 0 0 0 0 0 0 0 0 0 0 0 0 0 0 0 0 0 0 0 0 0 0 0 0 0 0 0 0 0 0 0 0 0 0 0 0 0 0 0 0 0 0 0 0 0 0 0 0 0 0 0 0 0 0 0 0 0 0 0 0 0 0 0 0 0 0 0 0 0 0 0 0 0 0 0 0 0 0 0 0 0 0 0 0 0 0 0 0 0 0 0 0 0 0 0 0 0 0 0 0 0 0 0 0 0 0 0 0 0 0 0 0 0 0 0 0 0 0 0 0 0 0 0 0 -475.625 3886.21 4019.61 0 0 0 -33970.6 32843.2 4019.61 -9329.71 76230.6 9329.71 0 0 0 0 0 0 -155446 0 0 241225 -170471 -20690.8
0 0 0 0 0 0 0 0 0 0 0 0 0 0 0 0 0 0 0 0 0 0 0 0 0 0 0 0 0 0 0 0 0 0 0 0 0 0 0 0 0 0 0 0 0 0 0 0 0 0 0 0 0 0 0 0 0 0 0 0 0 0 0 0 0 0 0 0 0 0 0 0 0 0 0 0 0 0 0 0 0 0 0 0 0 0 0 0 0 0 0 0 0 0 0 0 0 0 0 0 0 0 0 0 0 0 0 0 0 0 0 0 0 0 0 0 0 0 0 0 0 0 0 0 0 0 0 0 0 3886.21 -31753.2 -32843.2 0 0 0 32843.2 -31753.2 -3886.21 76230.6 -622860 -76230.6 0 0 0 0 0 0 0 0 0 -170471 1.40599e+06 170471
0 0 0 0 0 0 0 0 0 0 0 0 0 0 0 0 0 0 0 0 0 0 0 0 0 0 0 0 0 0 0 0 0 0 0 0 0 0 0 0 0 0 0 0 0 0 0 0 0 0 0 0 0 0 0 0 0 0 0 0 0 0 0 0 0 0 0 0 0 0 0 0 0 0 0 0 0 0 0 0 0 0 0 0 0 0 0 0 0 0 0 0 0 0 0 0 0 0 0 0 0 0 0 0 0 0 0 0 0 0 0 0 0 0 0 0 0 0 0 0 0 0 0 0 0 0 0 0 0 4019.61 -32843.2 -33970.6 0 0 0 4019.61 -3886.21 -475.625 9329.71 -76230.6 -9329.71 0 0 -155446 0 0 0 0 0 0 -20690.8 170471 241225
