Generate Posit Lookup table for a POSIT<7,2>
   #           Binary         k-value            sign          regime        exponent        fraction           value
   0:          0000000              -6               1    5.960464e-08              00              00               0
   1:          0000001              -5               1    9.536743e-07              00              00               0
   2:          0000010              -4               1    1.525879e-05              00              00               0
   3:          0000011              -4               1    1.525879e-05              01              00               0
   4:          0000100              -3               1    0.0002441406              00              00               0
   5:          0000101              -3               1    0.0002441406              01              00               0
   6:          0000110              -3               1    0.0002441406              10              00               0
   7:          0000111              -3               1    0.0002441406              11              00               0
   8:          0001000              -2               1      0.00390625              00              00               0
   9:          0001001              -2               1      0.00390625              00              01               0
  10:          0001010              -2               1      0.00390625              01              00               0
  11:          0001011              -2               1      0.00390625              01              01               0
  12:          0001100              -2               1      0.00390625              10              00               0
  13:          0001101              -2               1      0.00390625              10              01               0
  14:          0001110              -2               1      0.00390625              11              00               0
  15:          0001111              -2               1      0.00390625              11              01               0
  16:          0010000              -1               1          0.0625              00              00               0
  17:          0010001              -1               1          0.0625              00              01               0
  18:          0010010              -1               1          0.0625              00              10               0
  19:          0010011              -1               1          0.0625              00              11               0
  20:          0010100              -1               1          0.0625              01              00               0
  21:          0010101              -1               1          0.0625              01              01               0
  22:          0010110              -1               1          0.0625              01              10               0
  23:          0010111              -1               1          0.0625              01              11               0
  24:          0011000              -1               1          0.0625              10              00               0
  25:          0011001              -1               1          0.0625              10              01               0
  26:          0011010              -1               1          0.0625              10              10               0
  27:          0011011              -1               1          0.0625              10              11               0
  28:          0011100              -1               1          0.0625              11              00               0
  29:          0011101              -1               1          0.0625              11              01               0
  30:          0011110              -1               1          0.0625              11              10               0
  31:          0011111              -1               1          0.0625              11              11               0
  32:          0100000               0               1               0              00              00               0
  33:          0100001               0               1               0              00              01               0
  34:          0100010               0               1               0              00              10               0
  35:          0100011               0               1               0              00              11               0
  36:          0100100               0               1               0              01              00               0
  37:          0100101               0               1               0              01              01               0
  38:          0100110               0               1               0              01              10               0
  39:          0100111               0               1               0              01              11               0
  40:          0101000               0               1               0              10              00               0
  41:          0101001               0               1               0              10              01               0
  42:          0101010               0               1               0              10              10               0
  43:          0101011               0               1               0              10              11               0
  44:          0101100               0               1               0              11              00               0
  45:          0101101               0               1               0              11              01               0
  46:          0101110               0               1               0              11              10               0
  47:          0101111               0               1               0              11              11               0
  48:          0110000               1               1              16              00              00               0
  49:          0110001               1               1              16              00              01               0
  50:          0110010               1               1              16              01              00               0
  51:          0110011               1               1              16              01              01               0
  52:          0110100               1               1              16              10              00               0
  53:          0110101               1               1              16              10              01               0
  54:          0110110               1               1              16              11              00               0
  55:          0110111               1               1              16              11              01               0
  56:          0111000               2               1             256              00              00               0
  57:          0111001               2               1             256              01              00               0
  58:          0111010               2               1             256              10              00               0
  59:          0111011               2               1             256              11              00               0
  60:          0111100               3               1            4096              00              00               0
  61:          0111101               3               1            4096              01              00               0
  62:          0111110               4               1           65536              00              00               0
  63:          0111111               5               1         1048576              00              00               0
  64:          1000000               6              -1    1.677722e+07              00              00               0
  65:          1000001               5              -1         1048576              00              00               0
  66:          1000010               4              -1           65536              00              00               0
  67:          1000011               3              -1            4096              01              00               0
  68:          1000100               3              -1            4096              00              00               0
  69:          1000101               2              -1             256              01              00               0
  70:          1000110               2              -1             256              10              00               0
  71:          1000111               2              -1             256              11              00               0
  72:          1001000               2              -1             256              00              00               0
  73:          1001001               1              -1              16              00              01               0
  74:          1001010               1              -1              16              01              00               0
  75:          1001011               1              -1              16              01              01               0
  76:          1001100               1              -1              16              10              00               0
  77:          1001101               1              -1              16              10              01               0
  78:          1001110               1              -1              16              11              00               0
  79:          1001111               1              -1              16              11              01               0
  80:          1010000               1              -1              16              00              00               0
  81:          1010001               0              -1               0              00              01               0
  82:          1010010               0              -1               0              00              10               0
  83:          1010011               0              -1               0              00              11               0
  84:          1010100               0              -1               0              01              00               0
  85:          1010101               0              -1               0              01              01               0
  86:          1010110               0              -1               0              01              10               0
  87:          1010111               0              -1               0              01              11               0
  88:          1011000               0              -1               0              10              00               0
  89:          1011001               0              -1               0              10              01               0
  90:          1011010               0              -1               0              10              10               0
  91:          1011011               0              -1               0              10              11               0
  92:          1011100               0              -1               0              11              00               0
  93:          1011101               0              -1               0              11              01               0
  94:          1011110               0              -1               0              11              10               0
  95:          1011111               0              -1               0              11              11               0
  96:          1100000               0              -1               0              00              00               0
  97:          1100001              -1              -1          0.0625              00              01               0
  98:          1100010              -1              -1          0.0625              00              10               0
  99:          1100011              -1              -1          0.0625              00              11               0
 100:          1100100              -1              -1          0.0625              01              00               0
 101:          1100101              -1              -1          0.0625              01              01               0
 102:          1100110              -1              -1          0.0625              01              10               0
 103:          1100111              -1              -1          0.0625              01              11               0
 104:          1101000              -1              -1          0.0625              10              00               0
 105:          1101001              -1              -1          0.0625              10              01               0
 106:          1101010              -1              -1          0.0625              10              10               0
 107:          1101011              -1              -1          0.0625              10              11               0
 108:          1101100              -1              -1          0.0625              11              00               0
 109:          1101101              -1              -1          0.0625              11              01               0
 110:          1101110              -1              -1          0.0625              11              10               0
 111:          1101111              -1              -1          0.0625              11              11               0
 112:          1110000              -1              -1          0.0625              00              00               0
 113:          1110001              -2              -1      0.00390625              00              01               0
 114:          1110010              -2              -1      0.00390625              01              00               0
 115:          1110011              -2              -1      0.00390625              01              01               0
 116:          1110100              -2              -1      0.00390625              10              00               0
 117:          1110101              -2              -1      0.00390625              10              01               0
 118:          1110110              -2              -1      0.00390625              11              00               0
 119:          1110111              -2              -1      0.00390625              11              01               0
 120:          1111000              -2              -1      0.00390625              00              00               0
 121:          1111001              -3              -1    0.0002441406              01              00               0
 122:          1111010              -3              -1    0.0002441406              10              00               0
 123:          1111011              -3              -1    0.0002441406              11              00               0
 124:          1111100              -3              -1    0.0002441406              00              00               0
 125:          1111101              -4              -1    1.525879e-05              01              00               0
 126:          1111110              -4              -1    1.525879e-05              00              00               0
 127:          1111111              -5              -1    9.536743e-07              00              00               0
Press any key to continue . . .